,Unnamed: 0,# t (s),mx (),my (),mz (),MaxAngle (rad),phi (degree),f_RF (GHz)
1800,271801,1.35900589507353e-06,-0.32777944,-0.9393434000000002,0.0023609828,0.1146222,250,4500000000.0
1801,271802,1.3590102981842141e-06,-0.32921135,-0.9388556,0.0023730467,0.11458258,250,4500000000.0
1802,271803,1.359016163408112e-06,-0.33109295,-0.93820983,0.002303286,0.114288695,250,4500000000.0
1803,271804,1.3590205615326069e-06,-0.33244345,-0.9377433,0.0021902903,0.113912284,250,4500000000.0
1804,271805,1.3590264247224636e-06,-0.33410734,-0.93716526,0.001966205,0.11324806,250,4500000000.0
1805,271806,1.3590308195984147e-06,-0.33521828,-0.93677753,0.0017495629000000002,0.112665854,250,4500000000.0
1806,271807,1.3590352132851468e-06,-0.33618695,-0.93643856,0.001497643,0.112048656,250,4500000000.0
1807,271808,1.3590410701294552e-06,-0.33722535,-0.9360746,0.0011180153,0.11123062,250,4500000000.0
1808,271809,1.3590454619970205e-06,-0.33779612,-0.9358747,0.0008094923700000001,0.11065782,250,4500000000.0
1809,271810,1.3590513155063516e-06,-0.33826209999999995,-0.9357124,0.0003803706200000001,0.1100104,250,4500000000.0
1810,271811,1.3590557063298777e-06,-0.33838528,-0.93567103,5.4684457e-05,0.10963679,250,4500000000.0
1811,271812,1.3590600967187142e-06,-0.33831495,-0.9356983,-0.00026600880000000003,0.109376095,250,4500000000.0
1812,271813,1.3590659520172771e-06,-0.33792973,-0.93583775,-0.00067364913,0.10921817,250,4500000000.0
1813,271814,1.3590703421019034e-06,-0.33743540000000005,-0.93601453,-0.00095554045,0.109236225,250,4500000000.0
1814,271815,1.3590761956829698e-06,-0.3365296,-0.93633586,-0.0012881899,0.10942195,250,4500000000.0
1815,271816,1.359080585417878e-06,-0.33568913,-0.93663204,-0.0014983901,0.10965858,250,4500000000.0
1816,271817,1.3590864370525314e-06,-0.33439509999999995,-0.93708473,-0.0017179932,0.110055454,250,4500000000.0
1817,271818,1.3590908265200664e-06,-0.3333257,-0.93745613,-0.0018329743,0.11037625,250,4500000000.0
1818,271819,1.3590952160905964e-06,-0.33220088,-0.93784404,-0.0019027801,0.11068372,250,4500000000.0
1819,271820,1.3591010696153514e-06,-0.3306619,-0.9383701,-0.0019236382,0.11102047,250,4500000000.0
1820,271821,1.3591054587643794e-06,-0.32951479999999994,-0.93875855,-0.0018850756,0.11118335,250,4500000000.0
1821,271822,1.3591113109537049e-06,-0.32804686,-0.9392508,-0.0017635112,0.11124458,250,4500000000.0
1822,271823,1.359115700062485e-06,-0.32702620000000004,-0.9395892,-0.0016225898,0.111152194,250,4500000000.0
1823,271824,1.359120089186747e-06,-0.32610170000000005,-0.9398925,-0.0014425305,0.11093813,250,4500000000.0
1824,271825,1.3591259399383706e-06,-0.32505727,-0.9402296999999998,-0.0011486876,0.11047036,250,4500000000.0
1825,271826,1.3591303293143477e-06,-0.3244396,-0.940425,-0.0008940997999999998,0.10999845,250,4500000000.0
1826,271827,1.3591361829651754e-06,-0.32386702,-0.94059896,-0.00051945547,0.10924551,250,4500000000.0
1827,271828,1.3591405720028715e-06,-0.32364097,-0.9406603,-0.00021997558,0.1086227,250,4500000000.0
1828,271829,1.359146424581728e-06,-0.32362440000000003,-0.9406461,0.00019208711,0.107770465,250,4500000000.0
1829,271830,1.3591508136871663e-06,-0.3238291,-0.9405625,0.000502202,0.10715306,250,4500000000.0
1830,271831,1.3591552025195221e-06,-0.32421809999999995,-0.9404173,0.0008059714999999999,0.1065842,250,4500000000.0
1831,271832,1.3591610529501122e-06,-0.32501262,-0.94013095,0.0011900242,0.105943546,250,4500000000.0
1832,271833,1.3591654419715463e-06,-0.32580248,-0.93985087,0.0014545518,0.10557597,250,4500000000.0
1833,271834,1.3591712951893237e-06,-0.32708678,-0.9393992,0.0017650774,0.10525818,250,4500000000.0
1834,271835,1.359175684027479e-06,-0.32819954,-0.93900913,0.0019596468,0.105155446,250,4500000000.0
1835,271836,1.359180073094942e-06,-0.32941708,-0.9385828000000002,0.002116517,0.10516794,250,4500000000.0
1836,271837,1.3591859255262005e-06,-0.33116204,-0.9379715,0.0022608077,0.10535345,250,4500000000.0
1837,271838,1.3591903146177922e-06,-0.33252808,-0.937492,0.002316807,0.105603114,250,4500000000.0
1838,271839,1.3591961645534821e-06,-0.33437303,-0.9368431,0.0023185501,0.10605791,250,4500000000.0
1839,271840,1.3592005532638707e-06,-0.33573866,-0.93636155,0.0022642666,0.106465906,250,4500000000.0
1840,271841,1.3592064056303641e-06,-0.33748135,-0.9357455,0.002118454,0.10706775,250,4500000000.0
1841,271842,1.359210793933337e-06,-0.33869353,-0.9353162,0.0019559646,0.10753637,250,4500000000.0
1842,271843,1.359215182363053e-06,-0.33979547,-0.93492544,0.0017506406,0.107997425,250,4500000000.0
1843,271844,1.3592210340399038e-06,-0.34105159999999995,-0.9344808,0.0014162277,0.10857321,250,4500000000.0
1844,271845,1.3592254226615585e-06,-0.34180576,-0.9342148,0.0011255995,0.108955935,250,4500000000.0
1845,271846,1.359231272176888e-06,-0.34252578,-0.9339639,0.0006950388000000001,0.109375544,250,4500000000.0
1846,271847,1.3592356604874948e-06,-0.34283328,-0.9338603,0.00034731754999999995,0.10961555,250,4500000000.0
1847,271848,1.3592400491506136e-06,-0.34292984,-0.9338339,-1.4429169e-05,0.10978159,250,4500000000.0
1848,271849,1.359245901827154e-06,-0.34272003,-0.9339224,-0.00050670485,0.10989307,250,4500000000.0
1849,271850,1.3592502904865628e-06,-0.34230703,-0.9340818,-0.0008739850999999999,0.1098985,250,4500000000.0
1850,271851,1.3592561426471448e-06,-0.34142209999999995,-0.9344152,-0.0013475902,0.10981805,250,4500000000.0
1851,271852,1.3592605312811708e-06,-0.3405188,-0.9347511,-0.0016814797,0.10970378,250,4500000000.0
1852,271853,1.3592663807743114e-06,-0.33902046,-0.93530273,-0.0020853572,0.10950816,250,4500000000.0
1853,271854,1.3592707691842555e-06,-0.33769846,-0.9357851,-0.0023494088,0.10934715,250,4500000000.0
1854,271855,1.359275157889493e-06,-0.33623052,-0.9363167,-0.0025738683,0.10918864,250,4500000000.0
1855,271856,1.3592810099467917e-06,-0.33408976,-0.9370853,-0.0028033135,0.10900854,250,4500000000.0
1856,271857,1.3592853981895097e-06,-0.33238320000000005,-0.93769246,-0.0029179747,0.108910434,250,4500000000.0
1857,271858,1.3592912503016308e-06,-0.33002993,-0.93852216,-0.002989036,0.108847894,250,4500000000.0
1858,271859,1.3592956386977136e-06,-0.32824877,-0.9391445,-0.0029788134000000004,0.10886161,250,4500000000.0
1859,271860,1.3593000268423905e-06,-0.32648987,-0.939754,-0.0029135686,0.108931266,250,4500000000.0
1860,271861,1.3593058763481132e-06,-0.32423645,-0.9405281,-0.0027422037,0.109113134,250,4500000000.0
1861,271862,1.3593102645971932e-06,-0.32265595,-0.9410659,-0.0025526432,0.10931765,250,4500000000.0
1862,271863,1.359316116631123e-06,-0.32075283,-0.94170827,-0.002224038,0.109672196,250,4500000000.0
1863,271864,1.3593205052813325e-06,-0.31951547,-0.94212234,-0.0019259228,0.109996825,250,4500000000.0
1864,271865,1.3593263583235134e-06,-0.31816587,-0.9425701,-0.00146882,0.11049739,250,4500000000.0
1865,271866,1.3593307475444695e-06,-0.31740668,-0.9428196,-0.0010889112,0.110914975,250,4500000000.0
1866,271867,1.3593351365529779e-06,-0.31688330000000003,-0.9429896,-0.0006843543400000001,0.11136156,250,4500000000.0
1867,271868,1.3593409872414787e-06,-0.31657356,-0.94308645,-0.0001187615,0.11198734,250,4500000000.0
1868,271869,1.3593453760398069e-06,-0.31664208,-0.9430592,0.0003157498,0.11246794,250,4500000000.0
1869,271870,1.3593512286590143e-06,-0.31713912,-0.9428879,0.00089452433,0.11310504,250,4500000000.0
1870,271871,1.3593556175860218e-06,-0.3178121,-0.9426593,0.001318243,0.11356725,250,4500000000.0
1871,271872,1.359360006159704e-06,-0.3187334000000001,-0.94234717,0.0017248176,0.11400297,250,4500000000.0
1872,271873,1.3593658590551005e-06,-0.32032567,-0.9418076,0.002228055,0.11452053,250,4500000000.0
1873,271874,1.3593702482367886e-06,-0.32176942,-0.9413166,0.0025674533,0.11484815,250,4500000000.0
1874,271875,1.35937609846449e-06,-0.32398415,-0.94055945,0.0029575198,0.11517692,250,4500000000.0
1875,271876,1.3593804870601176e-06,-0.32582924,-0.9399246,0.00319636,0.11533087,250,4500000000.0
1876,271877,1.359386339255156e-06,-0.3284783,-0.9390064,0.0034344294,0.11539197,250,4500000000.0
1877,271878,1.3593907283585286e-06,-0.33056435,-0.9382771,0.003547955,0.11531636,250,4500000000.0
1878,271879,1.3593951171059562e-06,-0.33269715,-0.937526,0.0036027813,0.115131795,250,4500000000.0
1879,271880,1.3594009698373504e-06,-0.33555263,-0.9365112,0.0035818785,0.114707634,250,4500000000.0
1880,271881,1.3594053587091557e-06,-0.3376554,-0.9357571,0.0034950640000000004,0.11425524,250,4500000000.0
1881,271882,1.3594112090945958e-06,-0.34033874,-0.9347862,0.0032858395,0.113472536,250,4500000000.0
1882,271883,1.359415597670786e-06,-0.3422166,-0.9341008,0.0030611858,0.112761244,250,4500000000.0
1883,271884,1.3594214496176605e-06,-0.34447783,-0.9332687,0.0026771019,0.11166579,250,4500000000.0
1884,271885,1.3594258382608999e-06,-0.34595197,-0.9327222,0.0023310692,0.11074845,250,4500000000.0
1885,271886,1.3594302269433345e-06,-0.3472058,-0.9322546,0.0019410423,0.10976908,250,4500000000.0
1886,271887,1.3594360796710218e-06,-0.3484943,-0.9317708,0.0013630104,0.10839595,250,4500000000.0
1887,271888,1.3594404681424802e-06,-0.34914786,-0.93152344,0.0008951211000000002,0.10734404,250,4500000000.0
1888,271889,1.3594463178015268e-06,-0.34957522,-0.93135947,0.00023995369,0.10595313,250,4500000000.0
1889,271890,1.3594507064922106e-06,-0.34955126,-0.93136567,-0.00026464465000000003,0.10495025,250,4500000000.0
1890,271891,1.3594550949792842e-06,-0.3492276,-0.9314842,-0.000770976,0.10400664,250,4500000000.0
1891,271892,1.3594609464844424e-06,-0.34833357,-0.931815,-0.001433842,0.102876395,250,4500000000.0
1892,271893,1.3594653348711724e-06,-0.3473259,-0.9321883,-0.0019105481,0.102151245,250,4500000000.0
1893,271894,1.359471187546477e-06,-0.34555766,-0.93284136,-0.0025030663,0.10171838,250,4500000000.0
1894,271895,1.3594755763865244e-06,-0.3439379,-0.9334368,-0.0029046014000000003,0.10167904,250,4500000000.0
1895,271896,1.359481425907613e-06,-0.34143364,-0.9343513,-0.003368839,0.101376764,250,4500000000.0
1896,271897,1.3594858140585442e-06,-0.33933356,-0.9351124,-0.0036554849,0.10097489,250,4500000000.0
1897,271898,1.3594902024977652e-06,-0.33707988,-0.935923,-0.0038831702,0.100700155,250,4500000000.0
1898,271899,1.3594960537450377e-06,-0.33389962,-0.9370559000000002,-0.004087435,0.10108659,250,4500000000.0
1899,271900,1.3595004423598552e-06,-0.33143327,-0.9379257,-0.004162018,0.101553895,250,4500000000.0
1900,271901,1.359506295202073e-06,-0.32811385,-0.93908405,-0.004153157,0.10239528,250,4500000000.0
1901,271902,1.3595106840719163e-06,-0.32565638,-0.9399325,-0.004064766,0.103175454,250,4500000000.0
1902,271903,1.3595150728727238e-06,-0.3232726,-0.94074833,-0.0039073625,0.10406576,250,4500000000.0
1903,271904,1.3595209234344638e-06,-0.32027978,-0.9417623,-0.003594281,0.105390854,250,4500000000.0
1904,271905,1.3595253122871702e-06,-0.31822399999999995,-0.9424524,-0.0032866553000000004,0.10646479,250,4500000000.0
1905,271906,1.3595311645683913e-06,-0.31580368,-0.9432582,-0.0027887006,0.107960366,250,4500000000.0
1906,271907,1.3595355533083545e-06,-0.31427106,-0.9437651,-0.0023572892000000003,0.109097265,250,4500000000.0
1907,271908,1.3595414069131658e-06,-0.3126561,-0.9442967,-0.001717894,0.11058708,250,4500000000.0
1908,271909,1.3595457960883216e-06,-0.31179592,-0.9445796,-0.0012006534,0.111652955,250,4500000000.0
1909,271910,1.3595501854427228e-06,-0.31125507,-0.9447582,-0.0006603671400000001,0.11264411,250,4500000000.0
1910,271911,1.3595560364253662e-06,-0.31104898,-0.9448293,8.028647e-05,0.11381576,250,4500000000.0
1911,271912,1.3595604255962184e-06,-0.31128666,-0.9447558,0.0006394341000000001,0.114553384,250,4500000000.0
1912,271913,1.3595662781650153e-06,-0.31212288,-0.9444894,0.0013723270999999998,0.11532258,250,4500000000.0
1913,271914,1.3595706673255246e-06,-0.3131285,-0.9441658000000002,0.0019007864,0.11572281,250,4500000000.0
1914,271915,1.3595750566948432e-06,-0.31444255,-0.94373995,0.0024014676,0.11596931,250,4500000000.0
1915,271916,1.3595809103498363e-06,-0.31663963,-0.9430217,0.0030117887,0.11606045,250,4500000000.0
1916,271917,1.3595852991896117e-06,-0.3185872,-0.9423791,0.0034165892,0.11596519,250,4500000000.0
1917,271918,1.3595911497606397e-06,-0.3215257,-0.94139934,0.003873108,0.11564846,250,4500000000.0
1918,271919,1.359595538381885e-06,-0.32394153,-0.94058496,0.0041457666,0.11529668,250,4500000000.0
1919,271920,1.3596013900191809e-06,-0.32737222,-0.9394145,0.004407378,0.114724815,250,4500000000.0
1920,271921,1.3596057787449188e-06,-0.33004928,-0.93849,0.004522590999999999,0.11425524,250,4500000000.0
1921,271922,1.359610167401424e-06,-0.33276802,-0.93754077,0.004565765,0.11377954,250,4500000000.0
1922,271923,1.35961602039811e-06,-0.33638358,-0.93626255,0.0045094164,0.11317842,250,4500000000.0
1923,271924,1.3596204089442562e-06,-0.33903024,-0.93531513,0.004381965,0.11277607,250,4500000000.0
1924,271925,1.3596262593424594e-06,-0.3423916,-0.9340974,0.0041013593,0.11233083,250,4500000000.0
1925,271926,1.359630647721803e-06,-0.34473467,-0.9332388,0.0038114926,0.112071574,250,4500000000.0
1926,271927,1.3596350363025681e-06,-0.3468821,-0.93244475,0.003458009,0.111870475,250,4500000000.0
1927,271928,1.359640887453243e-06,-0.34937984,-0.9315121,0.0028968148,0.11167756,250,4500000000.0
1928,271929,1.3596452763951222e-06,-0.3509384,-0.9309245,0.0024165567,0.11156305,250,4500000000.0
1929,271930,1.3596511294977792e-06,-0.35254613,-0.93031305,0.0017108613,0.11141304,250,4500000000.0
1930,271931,1.3596555180936243e-06,-0.35337082,-0.9299962,0.001143458,0.11126552,250,4500000000.0
1931,271932,1.359661368248408e-06,-0.353933,-0.92977583,0.00035302437000000005,0.11097634,250,4500000000.0
1932,271933,1.3596657567974753e-06,-0.3539396,-0.9297676,-0.00025320792,0.11065782,250,4500000000.0
1933,271934,1.359670145153315e-06,-0.3535866,-0.9298956,-0.000859909,0.11023385,250,4500000000.0
1934,271935,1.3596759957187862e-06,-0.3525623,-0.9302748,-0.0016523419,0.10948852,250,4500000000.0
1935,271936,1.3596803841171805e-06,-0.35139093,-0.9307097,-0.0022216018,0.10879082,250,4500000000.0
1936,271937,1.3596862363860127e-06,-0.34932154,-0.9314763,-0.0029290006,0.10769507,250,4500000000.0
1937,271938,1.3596906241820627e-06,-0.34741876,-0.9321774,-0.0034088278000000004,0.10677116,250,4500000000.0
1938,271939,1.359695012264303e-06,-0.34524593,-0.932973,-0.0038360518,0.105793506,250,4500000000.0
1939,271940,1.3597008625825753e-06,-0.34198695,-0.93415534,-0.0043109385,0.1044575,250,4500000000.0
1940,271941,1.3597052511627656e-06,-0.33931974,-0.9351131,-0.0045878734,0.103482306,250,4500000000.0
1941,271942,1.3597111024847334e-06,-0.33554718,-0.9364523,-0.0048417468,0.103961274,250,4500000000.0
1942,271943,1.3597154912029735e-06,-0.33261403,-0.937481,-0.0049409354,0.10481304,250,4500000000.0
1943,271944,1.3597213440023012e-06,-0.32865465,-0.93885225,-0.0049475916,0.10546222,250,4500000000.0
1944,271945,1.3597257328320058e-06,-0.32571292,-0.93985814,-0.0048577753000000005,0.10560255,250,4500000000.0
1945,271946,1.3597301218623856e-06,-0.32284868,-0.9408272,-0.004687857,0.10547467,250,4500000000.0
1946,271947,1.3597359726378206e-06,-0.31923342,-0.9420359,-0.0043413723,0.10492521,250,4500000000.0
1947,271948,1.3597403614501155e-06,-0.3167328,-0.94286305,-0.0039967643,0.104261234,250,4500000000.0
1948,271949,1.3597462124595465e-06,-0.31376085,-0.9438367,-0.0034349242,0.10308745,250,4500000000.0
1949,271950,1.3597506013841692e-06,-0.31185213,-0.94445753,-0.0029455058,0.102017306,250,4500000000.0
1950,271951,1.3597564545696664e-06,-0.30979636,-0.94512284,-0.00221727,0.10319512,250,4500000000.0
1951,271952,1.3597608438376042e-06,-0.30865645,-0.94549155,-0.0016260591,0.104297884,250,4500000000.0
1952,271953,1.359765233168747e-06,-0.30788356,-0.9457432,-0.0010068091,0.105510905,250,4500000000.0
1953,271954,1.3597710845216641e-06,-0.307447,-0.9458908,-0.00015510981000000002,0.107237734,250,4500000000.0
1954,271955,1.3597754736308834e-06,-0.30757314,-0.94585854,0.00049000705,0.108573765,250,4500000000.0
1955,271956,1.3597813244178849e-06,-0.30834395,-0.9456248,0.001338585,0.11033999,250,4500000000.0
1956,271957,1.3597857135080644e-06,-0.30936322,-0.9453085,0.0019534056,0.11160801,250,4500000000.0
1957,271958,1.3597901023139595e-06,-0.31074336,-0.9448752,0.0025385993,0.11278614,250,4500000000.0
1958,271959,1.3597959556595987e-06,-0.31310764,-0.9441233,0.0032570125,0.114165284,250,4500000000.0
1959,271960,1.3598003448766798e-06,-0.31523678,-0.943438,0.0037380955,0.11501707,250,4500000000.0
1960,271961,1.3598061964914247e-06,-0.31848627,-0.94237757,0.0042881425,0.115867786,250,4500000000.0
1961,271962,1.3598105854106605e-06,-0.32118163,-0.94148594,0.0046236934,0.116274886,250,4500000000.0
1962,271963,1.359816436335366e-06,-0.32503802,-0.94019115,0.0049581584,0.11649663,250,4500000000.0
1963,271964,1.359820825231301e-06,-0.328069,-0.93915826,0.0051190904,0.11642892,250,4500000000.0
1964,271965,1.3598252136744743e-06,-0.33116513,-0.93808925,0.0051997695000000005,0.11617363,250,4500000000.0
1965,271966,1.3598310664158535e-06,-0.33531195,-0.9366357,0.005180071,0.11557922,250,4500000000.0
1966,271967,1.3598354545096675e-06,-0.3383707,-0.9355475,0.005069768499999999,0.11498279,250,4500000000.0
1967,271968,1.3598413045853038e-06,-0.34229004,-0.9341335,0.0047979956,0.114053786,250,4500000000.0
1968,271969,1.3598456932021452e-06,-0.34505126,-0.9331239,0.0045041763,0.11330502,250,4500000000.0
1969,271970,1.3598500820216149e-06,-0.34761044,-0.9321782,0.00413778,0.11255659,250,4500000000.0
1970,271971,1.3598559330765557e-06,-0.3506382,-0.93104714,0.0035458084000000007,0.1116246,250,4500000000.0
1971,271972,1.3598603222142008e-06,-0.3525741,-0.9303166,0.0030326063,0.11101401,250,4500000000.0
1972,271973,1.3598661757246914e-06,-0.35464904,-0.92952746,0.0022705833,0.11036705,250,4500000000.0
1973,271974,1.3598705645039112e-06,-0.35579136,-0.9290899,0.0016523207,0.11002397,250,4500000000.0
1974,271975,1.359876415404563e-06,-0.3567261,-0.92872965,0.0007836186,0.1097631,250,4500000000.0
1975,271976,1.3598808040218036e-06,-0.3569692,-0.9286342,0.00011183621,0.10970378,250,4500000000.0
1976,271977,1.359885192729905e-06,-0.3568125,-0.9286924,-0.0005655209,0.1097446,250,4500000000.0
1977,271978,1.3598910433336394e-06,-0.35598275,-0.92900723,-0.0014584796,0.10990828,250,4500000000.0
1978,271979,1.3598954319726248e-06,-0.35490412,-0.9294163,-0.0021067588,0.110071726,250,4500000000.0
1979,271980,1.3599012849925508e-06,-0.35288426,-0.9301787,-0.0029224616,0.11027447,250,4500000000.0
1980,271981,1.3599056734312957e-06,-0.35096198,-0.9308991,-0.003484262,0.11036922,250,4500000000.0
1981,271982,1.3599100622335051e-06,-0.34872064,-0.9317327,-0.003992894,0.11037896,250,4500000000.0
1982,271983,1.3599159132113524e-06,-0.3452953,-0.9329927,-0.004573429,0.11021326,250,4500000000.0
1983,271984,1.3599203018084478e-06,-0.34244895,-0.93402714,-0.004925973,0.10993545,250,4500000000.0
1984,271985,1.3599261518785853e-06,-0.33836904,-0.93549013,-0.0052736965,0.10934879,250,4500000000.0
1985,271986,1.3599305405517263e-06,-0.33515647,-0.9366256,-0.005436790600000001,0.108757325,250,4500000000.0
1986,271987,1.3599363938831188e-06,-0.33076644,-0.9381544,-0.005518051,0.10780427,250,4500000000.0
1987,271988,1.3599407830016688e-06,-0.3274643,-0.93928695,-0.005475041999999999,0.10700526,250,4500000000.0
1988,271989,1.3599451718687131e-06,-0.3242132,-0.94038737,-0.0053432663,0.10617496,250,4500000000.0
1989,271990,1.3599510232012586e-06,-0.32004970000000005,-0.9417763,-0.0050330264000000005,0.10509126,250,4500000000.0
1990,271991,1.359955411650779e-06,-0.317122,-0.94273925,-0.0047041303000000005,0.10434826,250,4500000000.0
1991,271992,1.3599612619127492e-06,-0.31357107,-0.94389254,-0.0041473857,0.10398252,250,4500000000.0
1992,271993,1.3599656508082727e-06,-0.31122866,-0.9446449,-0.0036497032,0.10422917,250,4500000000.0
1993,271994,1.3599700396292965e-06,-0.30920590000000003,-0.94528943,-0.0030923062,0.104156375,250,4500000000.0
1994,271995,1.359975893142997e-06,-0.30706334,-0.9459679,-0.002271717,0.10360283,250,4500000000.0
1995,271996,1.3599802818546571e-06,-0.3059083,-0.94633275,-0.0016115516,0.10288742,250,4500000000.0
1996,271997,1.3599861332095336e-06,-0.30500692,-0.946619,-0.0006917616,0.10338879,250,4500000000.0
1997,271998,1.3599905217094122e-06,-0.3048249,-0.9466802,1.3392014e-05,0.1039808,250,4500000000.0
1998,271999,1.3599963723086314e-06,-0.30524722,-0.9465556,0.0009524554,0.105012245,250,4500000000.0
1999,272000,1.360000760804512e-06,-0.30605665,-0.94630855,0.001641544,0.10593510000000002,250,4500000000.0
2000,272001,1.3600051492803948e-06,-0.30727458,-0.9459321,0.0023053794,0.10695558,250,4500000000.0
2001,272002,1.3600110024574456e-06,-0.3095004,-0.9452361,0.0031335014,0.10841467,250,4500000000.0
2002,272003,1.360015391141777e-06,-0.31158552,-0.94457614,0.0036988843,0.10953978,250,4500000000.0
2003,272004,1.3600212425764744e-06,-0.31485736,-0.943527,0.0043619527,0.11101508,250,4500000000.0
2004,272005,1.3600256318091636e-06,-0.31762984,-0.94262505,0.0047812527,0.11206304,250,4500000000.0
2005,272006,1.3600300208692982e-06,-0.32062656,-0.94163746,0.005126302,0.11302262,250,4500000000.0
2006,272007,1.3600358715853577e-06,-0.324888,-0.9402102,0.0054617715,0.114120275,250,4500000000.0
2007,272008,1.3600402606331123e-06,-0.3282198,-0.939076,0.005614960600000001,0.11477688,250,4500000000.0
2008,272009,1.3600461132926382e-06,-0.33274364,-0.9375104,0.0056832614,0.11539663,250,4500000000.0
2009,272010,1.3600505016935049e-06,-0.33612794,-0.9363197,0.005631341,0.11565517,250,4500000000.0
2010,272011,1.3600563531472021e-06,-0.34053022,-0.9347463,0.005425788000000001,0.11572798,250,4500000000.0
2011,272012,1.3600607417272656e-06,-0.34368294,-0.9336025,0.0051721623,0.115585946,250,4500000000.0
2012,272013,1.3600651301990538e-06,-0.3466535,-0.93251175,0.0048372135,0.11529356,250,4500000000.0
2013,272014,1.360070980249161e-06,-0.35025117,-0.931174,0.0042728097,0.11471024,250,4500000000.0
2014,272015,1.3600753680387769e-06,-0.3526237,-0.9302818000000002,0.0037691118,0.11416319,250,4500000000.0
2015,272016,1.3600812199809055e-06,-0.3552828,-0.9292726,0.0030043118,0.11334454,250,4500000000.0
2016,272017,1.360085608183318e-06,-0.35685727,-0.9286707,0.0023721755,0.11270561,250,4500000000.0
2017,272018,1.3600914595539824e-06,-0.35834938,-0.9280974,0.00146923,0.111876875,250,4500000000.0
2018,272019,1.3600958482009498e-06,-0.35898882,-0.92785114,0.0007603742,0.11130577,250,4500000000.0
2019,272020,1.360100237252365e-06,-0.35920385,-0.92776895,3.6448190000000014e-05,0.110805064,250,4500000000.0
2020,272021,1.3601060874257171e-06,-0.35882235,-0.9279177,-0.0009322976,0.11026256,250,4500000000.0
2021,272022,1.360110475873303e-06,-0.35803813,-0.9282211,-0.0016470252,0.10995881,250,4500000000.0
2022,272023,1.3601163288168841e-06,-0.3563466,-0.9288714,-0.002562658,0.10968744,250,4500000000.0
2023,272024,1.360120717440278e-06,-0.35461685,-0.9295314,-0.0032066563,0.10956868,250,4500000000.0
2024,272025,1.3601251063887984e-06,-0.35251835,-0.93032575,-0.0038024946,0.109509245,250,4500000000.0
2025,272026,1.360130958308185e-06,-0.34920093,-0.93156797,-0.0045050806,0.10948634,250,4500000000.0
2026,272027,1.3601353471910996e-06,-0.34637144,-0.93261427,-0.0049517015,0.1094858,250,4500000000.0
2027,272028,1.3601411971550049e-06,-0.34222677,-0.93412596,-0.0054256106,0.109465614,250,4500000000.0
2028,272029,1.3601455861593217e-06,-0.33889922,-0.9353216,-0.005682148000000001,0.10941267,250,4500000000.0
2029,272030,1.3601514396356225e-06,-0.33426964,-0.93695855,-0.0058835777,0.10926683,250,4500000000.0
2030,272031,1.3601558285534841e-06,-0.33072564,-0.9381912,-0.0059254877,0.1090885,250,4500000000.0
2031,272032,1.360160217167867e-06,-0.32718253,-0.93940604,-0.005872650500000001,0.10885283,250,4500000000.0
2032,272033,1.360166068971435e-06,-0.3225574,-0.9409658,-0.0056560836,0.108455434,250,4500000000.0
2033,272034,1.3601704578977702e-06,-0.31923598,-0.9420678,-0.005387237,0.108111285,250,4500000000.0
2034,272035,1.3601763086260149e-06,-0.31510773,-0.94341695,-0.004895041,0.10762685,250,4500000000.0
2035,272036,1.3601806974230844e-06,-0.3123014,-0.94432133,-0.0044331304,0.10727058,250,4500000000.0
2036,272037,1.3601850865657888e-06,-0.30979547,-0.94512033,-0.003899877,0.10694665,250,4500000000.0
2037,272038,1.3601909393974035e-06,-0.3069922,-0.946005,-0.0030929240999999995,0.106602125,250,4500000000.0
2038,272039,1.3601953281115317e-06,-0.3053387,-0.94652265,-0.002428645,0.10643617,250,4500000000.0
2039,272040,1.3602011798513751e-06,-0.30378374,-0.9470075,-0.0014843809,0.10636995,250,4500000000.0
2040,272041,1.3602055688105226e-06,-0.30312958,-0.9472117,-0.00074701005,0.10645076,250,4500000000.0
2041,272042,1.3602114190255388e-06,-0.3029605,-0.94726753,0.00025231965,0.10674095,250,4500000000.0
2042,272043,1.360215808405495e-06,-0.30336356,-0.94714624,0.0009990182,0.10709507,250,4500000000.0
2043,272044,1.3602201974965424e-06,-0.30421412,-0.9468862,0.00172991,0.10755469,250,4500000000.0
2044,272045,1.360226050654575e-06,-0.30601963,-0.9463283,0.0026603390000000003,0.10831713,250,4500000000.0
2045,272046,1.3602304394862718e-06,-0.3078483,-0.94575745,0.0033107286,0.10897347,250,4500000000.0
2046,272047,1.3602362918277576e-06,-0.31086358,-0.9448048,0.0040958896,0.10992676,250,4500000000.0
2047,272048,1.360240681012358e-06,-0.31351066,-0.94395727,0.0046114638,0.110670224,250,4500000000.0
2048,272049,1.360245069688524e-06,-0.3164415,-0.94300705,0.0050553535,0.11140982,250,4500000000.0
2049,272050,1.3602509198421628e-06,-0.3207093,-0.9416014,0.0055242553,0.112352096,250,4500000000.0
2050,272051,1.36025530859511e-06,-0.3241164,-0.9404605,0.005777017,0.11299566,250,4500000000.0
2051,272052,1.3602611611503055e-06,-0.3288326,-0.9388541,0.0059748096,0.113731235,250,4500000000.0
2052,272053,1.360265550078867e-06,-0.3324276,-0.9376086,0.006015793,0.11416999,250,4500000000.0
2053,272054,1.3602714025902167e-06,-0.33719343,-0.9359292,0.0059260908,0.114579454,250,4500000000.0
2054,272055,1.3602757917433668e-06,-0.3406754,-0.9346819,0.005751800699999999,0.11475033,250,4500000000.0
2055,272056,1.3602801807190935e-06,-0.3440187,-0.93346834,0.005488495,0.11479665,250,4500000000.0
2056,272057,1.3602860306013564e-06,-0.34817183,-0.9319391,0.0050059855,0.11467691,250,4500000000.0
2057,272058,1.3602904192357998e-06,-0.35099852,-0.93088454,0.0045522046,0.114459485,250,4500000000.0
2058,272059,1.360296271457696e-06,-0.35430056,-0.9296386,0.0038373827,0.11402445,250,4500000000.0
2059,272060,1.3603006597866887e-06,-0.35637709999999995,-0.92884773,0.0032294218,0.113609314,250,4500000000.0
2060,272061,1.3603050489002288e-06,-0.35807540000000004,-0.9281967,0.0025696815,0.11314041,250,4500000000.0
2061,272062,1.3603109013525169e-06,-0.3597061,-0.9275687,0.0016268415,0.11246368,250,4500000000.0
2062,272063,1.3603152902617985e-06,-0.3604283,-0.9272899,0.0008863238,0.11194039,250,4500000000.0
2063,272064,1.3603211399501406e-06,-0.36070055,-0.9271863,-0.00012374557,0.111256935,250,4500000000.0
2064,272065,1.36032552834489e-06,-0.36038107,-0.927312,-0.0008836479400000002,0.1107711,250,4500000000.0
2065,272066,1.3603313808263074e-06,-0.35926238,-0.92774713,-0.0018774294,0.11017911,250,4500000000.0
2066,272067,1.3603357692856358e-06,-0.35791853,-0.92826635,-0.0025926523,0.10978541,250,4500000000.0
2067,272068,1.3603401575033769e-06,-0.35616213,-0.9289401,-0.0032694635,0.10943778,250,4500000000.0
2068,272069,1.360346009437015e-06,-0.35322228,-0.93005687,-0.0040935925,0.10904360000000002,250,4500000000.0
2069,272070,1.3603503979217428e-06,-0.35061154,-0.93103755,-0.004639759,0.10879467,250,4500000000.0
2070,272071,1.3603562475866185e-06,-0.3466641,-0.93250114,-0.005254928000000001,0.10851049,250,4500000000.0
2071,272072,1.3603606362076072e-06,-0.34341028,-0.93369055,-0.005621807,0.10832705,250,4500000000.0
2072,272073,1.3603650250546508e-06,-0.33996072,-0.9349347,-0.005900541,0.10816043,250,4500000000.0
2073,272074,1.3603708774540368e-06,-0.33514977,-0.93664163,-0.006126975,0.10795484,250,4500000000.0
2074,272075,1.3603752662779644e-06,-0.3314571,-0.9379299,-0.006183936700000001,0.107809804,250,4500000000.0
2075,272076,1.360381118833062e-06,-0.32653093,-0.9396191,-0.006107201,0.10762963,250,4500000000.0
2076,272077,1.360385507899684e-06,-0.3229117,-0.94083905,-0.0059360974,0.1075047,250,4500000000.0
2077,272078,1.36039135799665e-06,-0.31829843,-0.9423688,-0.005561717,0.107364066,250,4500000000.0
2078,272079,1.360395746354459e-06,-0.31506854,-0.94342303,-0.0051769204,0.10728785,250,4500000000.0
2079,272080,1.3604001351929131e-06,-0.3120945,-0.9443818000000002,-0.004709698,0.107246645,250,4500000000.0
2080,272081,1.3604059877485028e-06,-0.30861032,-0.945491,-0.003971716,0.10726167,250,4500000000.0
2081,272082,1.3604103767733223e-06,-0.30641377,-0.9461829,-0.003343708,0.10733681,250,4500000000.0
2082,272083,1.3604162295229707e-06,-0.30410764,-0.9469039,-0.0024261288,0.10753581,250,4500000000.0
2083,272084,1.3604206184284625e-06,-0.30288175,-0.94728565,-0.0016923422,0.10776603,250,4500000000.0
2084,272085,1.3604250073459582e-06,-0.30210966,-0.94752675,-0.0009324154,0.10806598,250,4500000000.0
2085,272086,1.3604308580713749e-06,-0.30180612,-0.94762516,0.0001002838,0.10857651,250,4500000000.0
2086,272087,1.3604352473563565e-06,-0.30212690000000003,-0.9475309,0.0008738677000000001,0.10903374,250,4500000000.0
2087,272088,1.360441100169587e-06,-0.3032752,-0.9471828,0.0018807353,0.10972718,250,4500000000.0
2088,272089,1.3604454891312671e-06,-0.30465776,-0.9467585,0.0026020284,0.11029614,250,4500000000.0
2089,272090,1.3604513421988855e-06,-0.30715364,-0.9459838,0.0034977573,0.11108931,250,4500000000.0
2090,272091,1.3604557313983193e-06,-0.30947456,-0.94525427,0.004106503,0.111690395,250,4500000000.0
2091,272092,1.360460120442538e-06,-0.31213948,-0.9444066,0.004650929,0.11227764,250,4500000000.0
2092,272093,1.3604659703925726e-06,-0.31615183,-0.94311076,0.00526263,0.11300941,250,4500000000.0
2093,272094,1.3604703593684505e-06,-0.31944555,-0.9420296,0.005627224,0.11349832,250,4500000000.0
2094,272095,1.3604762117524174e-06,-0.32411695,-0.94047,0.005977351999999999,0.11404226,250,4500000000.0
2095,272096,1.3604806009614176e-06,-0.32775903,-0.9392324,0.0061329603,0.114352964,250,4500000000.0
2096,272097,1.3604864541398745e-06,-0.3326935,-0.93752587,0.0061935727,0.11462532,250,4500000000.0
2097,272098,1.3604908434346548e-06,-0.3363781,-0.93622917,0.0061281025,0.11471701,250,4500000000.0
2098,272099,1.3604952325799904e-06,-0.33998647,-0.93494093,0.005968596,0.11471128,250,4500000000.0
2099,272100,1.3605010833400123e-06,-0.34458348,-0.9332731,0.0056141154,0.11456173,250,4500000000.0
2100,272101,1.3605054721464383e-06,-0.34780443,-0.9320868,0.0052469526,0.114350356,250,4500000000.0
2101,272102,1.3605113248166883e-06,-0.35170394,-0.9306312,0.0046326416,0.11396105,250,4500000000.0
2102,272103,1.3605157139048322e-06,-0.35427448,-0.9296601,0.004087318,0.11360248,250,4500000000.0
2103,272104,1.3605201024935149e-06,-0.35649794,-0.9288127,0.003478447,0.11320163,250,4500000000.0
2104,272105,1.360525955637109e-06,-0.3588666,-0.92790234,0.0025832343,0.11262821,250,4500000000.0
2105,272106,1.3605303441156108e-06,-0.36015987,-0.92740226,0.0018627446,0.11218184,250,4500000000.0
2106,272107,1.3605361950317672e-06,-0.36120272,-0.92699724,0.0008571057000000001,0.11158875,250,4500000000.0
2107,272108,1.3605405837406042e-06,-0.3614575,-0.9268981,8.385930399999999e-05,0.111153804,250,4500000000.0
2108,272109,1.3605464357907444e-06,-0.36108452,-0.92704314,-0.0009499318,0.11059411,250,4500000000.0
2109,272110,1.3605508246948949e-06,-0.36027408,-0.92735744,-0.0017117395,0.110192664,250,4500000000.0
2110,272111,1.3605552133900074e-06,-0.3590203,-0.92784154,-0.002448694,0.109807715,250,4500000000.0
2111,272112,1.3605610654039897e-06,-0.35668996,-0.928735,-0.0033727516,0.109312735,250,4500000000.0
2112,272113,1.3605654540038805e-06,-0.35448128,-0.92957425,-0.004007467,0.10895264,250,4500000000.0
2113,272114,1.3605713036052981e-06,-0.35098436,-0.9308883,-0.004756452,0.10847911,250,4500000000.0
2114,272115,1.3605756917683484e-06,-0.34799707,-0.9319969,-0.005233686,0.10812509,250,4500000000.0
2115,272116,1.3605800802849752e-06,-0.34474720000000003,-0.9331885,-0.005629570699999999,0.107771575,250,4500000000.0
2116,272117,1.3605859324599371e-06,-0.34009176,-0.9348693,-0.0060196766,0.1073012,250,4500000000.0
2117,272118,1.3605903216119782e-06,-0.33642890000000003,-0.9361706,-0.006202485400000001,0.106955014,250,4500000000.0
2118,272119,1.3605961745265301e-06,-0.33142498,-0.93791837,-0.006293857,0.10651413,250,4500000000.0
2119,272120,1.3606005629895766e-06,-0.32766017,-0.93921083,-0.0062464266,0.10621151,250,4500000000.0
2120,272121,1.3606064134609655e-06,-0.32273766,-0.94087225,-0.006029851700000001,0.105865166,250,4500000000.0
2121,272122,1.360610801715733e-06,-0.31919435,-0.94204855,-0.0057556694,0.10566474,250,4500000000.0
2122,272123,1.3606151904005036e-06,-0.31584185,-0.94314635,-0.005390396,0.10553184,250,4500000000.0
2123,272124,1.3606210422647391e-06,-0.31176186,-0.9444636,-0.0047720670000000005,0.105472974,250,4500000000.0
2124,272125,1.3606254310573142e-06,-0.30905855,-0.9453252,-0.0042196205,0.105532974,250,4500000000.0
2125,272126,1.360631284162998e-06,-0.30601192,-0.94628644,-0.003381551,0.10576585,250,4500000000.0
2126,272127,1.3606356725909952e-06,-0.30419403,-0.94685596,-0.002690433,0.10605848,250,4500000000.0
2127,272128,1.3606400610030835e-06,-0.3028087,-0.9472889,-0.0019578314000000003,0.10645244,250,4500000000.0
2128,272129,1.360645911128834e-06,-0.3016712,-0.94764584,-0.0009370609,0.10712908,250,4500000000.0
2129,272130,1.3606502998889022e-06,-0.30136690000000005,-0.9477454,-0.00015397096,0.107735544,250,4500000000.0
2130,272131,1.3606561511641031e-06,-0.3017011,-0.9476518,0.0008896389999999998,0.10865514,250,4500000000.0
2131,272132,1.3606605398047421e-06,-0.30250016,-0.9474129,0.0016561456,0.10940885,250,4500000000.0
2132,272133,1.360666392844785e-06,-0.30427116,-0.9468743,0.002634139,0.11045577,250,4500000000.0
2133,272134,1.360670781921202e-06,-0.30609936,-0.946311,0.0033196867,0.111248344,250,4500000000.0
2134,272135,1.3606751711026477e-06,-0.30832338,-0.9456178,0.00395259,0.11202093,250,4500000000.0
2135,272136,1.360681021781533e-06,-0.31184018,-0.94450545,0.004698005,0.11298139,250,4500000000.0
2136,272137,1.360685410730255e-06,-0.31483755,-0.9435426,0.005172692,0.113620885,250,4500000000.0
2137,272138,1.3606912623008905e-06,-0.3192222,-0.9421103,0.0056796204,0.114333116,250,4500000000.0
2138,272139,1.3606956509875687e-06,-0.32273483,-0.94094276,0.005958194399999999,0.114742,250,4500000000.0
2139,272140,1.3607000394382697e-06,-0.32637864,-0.9397128,0.006145109399999999,0.11503214,250,4500000000.0
2140,272141,1.3607058926316244e-06,-0.33134523,-0.938006,0.006247474,0.1152236,250,4500000000.0
2141,272142,1.3607102814062102e-06,-0.335075,-0.93670106,0.006212785,0.11522204,250,4500000000.0
2142,272143,1.3607161323205209e-06,-0.3399468,-0.9349668,0.0060192430000000005,0.11503837,250,4500000000.0
2143,272144,1.3607205213628386e-06,-0.34345433,-0.9336975,0.005766494699999999,0.11478156,250,4500000000.0
2144,272145,1.3607263729525458e-06,-0.34783414,-0.9320879,0.005293370699999999,0.11430961,250,4500000000.0
2145,272146,1.3607307617461952e-06,-0.35083282,-0.93097013,0.004843285300000001,0.11388449,250,4500000000.0
2146,272147,1.3607351504565408e-06,-0.35353604,-0.9299517,0.004318916,0.11342146,250,4500000000.0
2147,272148,1.3607410038034556e-06,-0.35661232,-0.92878014,0.0035175672,0.112781905,250,4500000000.0
2148,272149,1.3607453921938376e-06,-0.3584775,-0.9280633,0.0028519232,0.11231275,250,4500000000.0
2149,272150,1.3607512425788252e-06,-0.36032256,-0.9273492,0.0018969775,0.11172568,250,4500000000.0
2150,272151,1.3607556316176815e-06,-0.36119837,-0.9270083,0.0011438383,0.111328304,250,4500000000.0
2151,272152,1.3607600207272078e-06,-0.3616224,-0.9268426,0.00037180772,0.110973656,250,4500000000.0
2152,272153,1.360765871694472e-06,-0.3614737,-0.9268993,-0.00066638546,0.11056656,250,4500000000.0
2153,272154,1.3607702609564976e-06,-0.36082745,-0.9271493,-0.0014364938,0.110301554,250,4500000000.0
2154,272155,1.3607761143764635e-06,-0.3592687,-0.9277507,-0.0024291927,0.10998597,250,4500000000.0
2155,272156,1.3607805035753807e-06,-0.35759845,-0.92839134,-0.0031327556,0.10975711,250,4500000000.0
2156,272157,1.3607863538623406e-06,-0.35474977,-0.9294743,-0.003995035300000001,0.10943778,250,4500000000.0
2157,272158,1.3607907423853274e-06,-0.35218647,-0.93043894,-0.0045718635,0.10917004,250,4500000000.0
2158,272159,1.3607951307640956e-06,-0.34929973,-0.9315137,-0.0050782473,0.108862706,250,4500000000.0
2159,272160,1.3608009819267223e-06,-0.34502295,-0.9330844,-0.0056297993,0.10838437,250,4500000000.0
2160,272161,1.3608053703577992e-06,-0.34155792,-0.934338,-0.005941915999999999,0.107968114,250,4500000000.0
2161,272162,1.3608112231148017e-06,-0.33669463,-0.9360692,-0.0062128166000000005,0.107346274,250,4500000000.0
2162,272163,1.3608156115260332e-06,-0.33294025,-0.93738335,-0.006302455,0.10684497,250,4500000000.0
2163,272164,1.360821461637471e-06,-0.3279035,-0.93911624,-0.0062676338,0.106156394,250,4500000000.0
2164,272165,1.3608258497405594e-06,-0.32417917,-0.9403758,-0.006126138000000001,0.105653435,250,4500000000.0
2165,272166,1.3608302378191963e-06,-0.32056677,-0.9415801,-0.0058880216,0.105183266,250,4500000000.0
2166,272167,1.3608360884377208e-06,-0.31602395,-0.9430708,-0.0054270253,0.104656816,250,4500000000.0
2167,272168,1.360840476675965e-06,-0.3128927,-0.94408315,-0.0049808268,0.10436085,250,4500000000.0
2168,272169,1.360846329578277e-06,-0.3091803,-0.9452682,-0.0042654425,0.10414032,250,4500000000.0
2169,272170,1.360850718153183e-06,-0.30680257,-0.94601923,-0.003650126,0.10412427,250,4500000000.0
2170,272171,1.3608551067441607e-06,-0.30481547,-0.9466425,-0.0029781342,0.10424807,250,4500000000.0
2171,272172,1.360860957174748e-06,-0.30282766,-0.94726384,-0.00201298,0.10463798,250,4500000000.0
2172,272173,1.36086534631371e-06,-0.3018628,-0.9475665,-0.001251933,0.10509524,250,4500000000.0
2173,272174,1.3608711977701132e-06,-0.30130652,-0.9477463,-0.00021106945,0.10591085,250,4500000000.0
2174,272175,1.3608755864251493e-06,-0.30144423,-0.94771177,0.00057328853,0.10665869,250,4500000000.0
2175,272176,1.360881439782921e-06,-0.30236194,-0.94744056,0.0016009951,0.10779928,250,4500000000.0
2176,272177,1.3608858285064512e-06,-0.30358470000000004,-0.94707155,0.0023422192,0.10873206,250,4500000000.0
2177,272178,1.3608902173189743e-06,-0.3052435,-0.9465645,0.0030456146,0.10970214,250,4500000000.0
2178,272179,1.3608960682457549e-06,-0.3080845,-0.9456837,0.0039060956,0.11100271,250,4500000000.0
2179,272180,1.3609004571025516e-06,-0.31064278,-0.94487894,0.004481011,0.111945726,250,4500000000.0
2180,272181,1.3609063080777282e-06,-0.31454468,-0.94363207,0.005137162,0.11310451,250,4500000000.0
2181,272182,1.3609106970070424e-06,-0.3177796,-0.94258094,0.005537243000000001,0.1138677,250,4500000000.0
2182,272183,1.3609150860450395e-06,-0.3212223,-0.94144523,0.005851816,0.11451166,250,4500000000.0
2183,272184,1.3609209388493014e-06,-0.3260429,-0.9398261,0.0061306823,0.11515359,250,4500000000.0
2184,272185,1.36092532748683e-06,-0.32975720000000003,-0.9385558,0.0062305834,0.1154577,250,4500000000.0
2185,272186,1.3609311782825384e-06,-0.3347334,-0.9368228,0.0062157665,0.11561695,250,4500000000.0
2186,272187,1.3609355670162992e-06,-0.3384107,-0.93551934,0.0060940697,0.11555699,250,4500000000.0
2187,272188,1.3609414177405511e-06,-0.34313354,-0.933817,0.0057881023,0.11525729,250,4500000000.0
2188,272189,1.3609458067008458e-06,-0.34647277,-0.93259424,0.005455292,0.11489028,250,4500000000.0
2189,272190,1.360950195477497e-06,-0.34958157,-0.9314416,0.0050393874,0.114429735,250,4500000000.0
2190,272191,1.360956048512101e-06,-0.35328972,-0.9300488,0.004366282,0.11371443,250,4500000000.0
2191,272192,1.360960436692003e-06,-0.355688,-0.9291377,0.003782563,0.11313988,250,4500000000.0
2192,272193,1.3609662874910387e-06,-0.35830888,-0.9281328,0.0029153517,0.11237708,250,4500000000.0
2193,272194,1.3609706759401718e-06,-0.35980412,-0.92755497,0.0022107384,0.1118411,250,4500000000.0
2194,272195,1.3609750650015082e-06,-0.36087045,-0.9271412,0.0014712453,0.11135566,250,4500000000.0
2195,272196,1.3609809154401104e-06,-0.3615973,-0.9268578000000002,0.00045071385,0.11081315,250,4500000000.0
2196,272197,1.3609853043768122e-06,-0.36161008,-0.9268523,-0.00032597716,0.11048929,250,4500000000.0
2197,272198,1.36099115733388e-06,-0.36091474,-0.9271216999999998,-0.0013540314,0.1101661,250,4500000000.0
2198,272199,1.3609955457768129e-06,-0.35986805,-0.9275263,-0.0021036754,0.109994106,250,4500000000.0
2199,272200,1.361001396231565e-06,-0.35780004,-0.9283209,-0.0030527157,0.109827295,250,4500000000.0
2200,272201,1.3610057845452222e-06,-0.35577306,-0.9290936,-0.0037123242,0.10972392,250,4500000000.0
2201,272202,1.3610101722901905e-06,-0.35337076,-0.9300014,-0.004315386500000001,0.10961227,250,4500000000.0
2202,272203,1.3610160222304165e-06,-0.3496458,-0.9313924,-0.0050150612,0.10941649,250,4500000000.0
2203,272204,1.3610204106942141e-06,-0.34651393,-0.93254644,-0.005450641,0.10921051,250,4500000000.0
2204,272205,1.3610262635474406e-06,-0.34197673,-0.9341935,-0.005898888000000001,0.10883308,250,4500000000.0
2205,272206,1.3610306515605856e-06,-0.33837265,-0.935481,-0.0061282488000000005,0.10846424,250,4500000000.0
2206,272207,1.3610350400541972e-06,-0.33465648,-0.93678975,-0.0062617343,0.108025625,250,4500000000.0
2207,272208,1.3610408909475491e-06,-0.3296284,-0.9385304,-0.006286735600000001,0.107346274,250,4500000000.0
2208,272209,1.3610452796804309e-06,-0.32587883,-0.93980587,-0.0061901533,0.10678907,250,4500000000.0
2209,272210,1.3610511303960137e-06,-0.32102218,-0.9414304,-0.005910375,0.106025815,250,4500000000.0
2210,272211,1.3610555189935444e-06,-0.3175612,-0.94256926,-0.005591523,0.105476946,250,4500000000.0
2211,272212,1.361061372295208e-06,-0.31329292,-0.9439528,-0.0050305603,0.10482557,250,4500000000.0
2212,272213,1.3610657606921594e-06,-0.31042016,-0.9448713,-0.0045170495,0.10443807,250,4500000000.0
2213,272214,1.3610701492636723e-06,-0.30787945,-0.94567585,-0.0039329673,0.10416211,250,4500000000.0
2214,272215,1.3610760002177162e-06,-0.3050782,-0.946555,-0.0030609563,0.10400549,250,4500000000.0
2215,272216,1.3610803890665e-06,-0.30345994,-0.9470601,-0.0023505143,0.10406576,250,4500000000.0
2216,272217,1.3610862399474332e-06,-0.30199483,-0.947518,-0.0013499191,0.10438774,250,4500000000.0
2217,272218,1.3610906290777106e-06,-0.30143702,-0.94769514,-0.0005746782,0.104815885,250,4500000000.0
2218,272219,1.3610950178861161e-06,-0.30135290000000003,-0.94772786,0.0002080142,0.10539142,250,4500000000.0
2219,272220,1.361100871181215e-06,-0.3019771,-0.9475467,0.00124233,0.10636265,250,4500000000.0
2220,272221,1.3611052599276952e-06,-0.30298615,-0.94724417,0.0019950427,0.107218795,250,4500000000.0
2221,272222,1.3611111112455635e-06,-0.30502006,-0.94662476,0.0029461677,0.10848407,250,4500000000.0
2222,272223,1.3611154998632487e-06,-0.30702895,-0.9460046,0.0036061096,0.10948634,250,4500000000.0
2223,272224,1.3611213504872628e-06,-0.31028932,-0.9449833,0.0043957937,0.1108374,250,4500000000.0
2224,272225,1.3611257391372272e-06,-0.31312045,-0.94408286,0.0049091186,0.11182027,250,4500000000.0
2225,272226,1.3611301283814992e-06,-0.31623274,-0.943079,0.005346258,0.11274217,250,4500000000.0
2226,272227,1.3611359818358936e-06,-0.32073462,-0.94160163,0.005799753,0.11382835,250,4500000000.0
2227,272228,1.3611403708014832e-06,-0.324305,-0.94040865,0.006036412,0.11450071,250,4500000000.0
2228,272229,1.3611462219818834e-06,-0.32921952,-0.9387368,0.006207854499999999,0.115175374,250,4500000000.0
2229,272230,1.3611506109646392e-06,-0.33294848,-0.9374449,0.006226194599999999,0.11549598,250,4500000000.0
2230,272231,1.3611550000275563e-06,-0.33665073,-0.9361426,0.006149796,0.11565053,250,4500000000.0
2231,272232,1.3611608508240477e-06,-0.34144795,-0.934426,0.005903059,0.11560403,250,4500000000.0
2232,272233,1.3611652398793398e-06,-0.34487290000000004,-0.93318045,0.0056129773,0.11539353,250,4500000000.0
2233,272234,1.3611710927105043e-06,-0.3491111,-0.9316158,0.005094428,0.11491055,250,4500000000.0
2234,272235,1.361175481318735e-06,-0.3519812,-0.93054193,0.0046143555,0.1144313,250,4500000000.0
2235,272236,1.3611813323198676e-06,-0.35531628,-0.9292793,0.0038662031,0.11368395,250,4500000000.0
2236,272237,1.3611857206103985e-06,-0.3574011,-0.92848206,0.0032347837,0.11308338,250,4500000000.0
2237,272238,1.3611901088108817e-06,-0.35909402,-0.9278304,0.0025534516,0.112481214,250,4500000000.0
2238,272239,1.3611959582294372e-06,-0.3606983,-0.92720896,0.0015852286,0.1117198,250,4500000000.0
2239,272240,1.3612003467447331e-06,-0.36138883,-0.9269404,0.0008278792999999999,0.11120914,250,4500000000.0
2240,272241,1.3612061989040665e-06,-0.36160472,-0.9268563,-0.00020165638,0.11063245,250,4500000000.0
2241,272242,1.361210587319307e-06,-0.3612337,-0.92700034,-0.0009731873,0.1102891,250,4500000000.0
2242,272243,1.3612164383260066e-06,-0.36003718,-0.9274636,-0.0019787543,0.109948486,250,4500000000.0
2243,272244,1.3612208266403403e-06,-0.35862935,-0.92800593,-0.0027005028000000003,0.10976855,250,4500000000.0
2244,272245,1.361225215223432e-06,-0.35680538,-0.9287042,-0.0033819329,0.109637335,250,4500000000.0
2245,272246,1.361231065042333e-06,-0.35377342,-0.9298537,-0.0042090504,0.1095027,250,4500000000.0
2246,272247,1.3612354539049215e-06,-0.35109120000000005,-0.9308593,-0.0047558723,0.10940939,250,4500000000.0
2247,272248,1.3612413067095863e-06,-0.34704655,-0.93235594,-0.005370015,0.109250985,250,4500000000.0
2248,272249,1.3612456954344305e-06,-0.34372220000000003,-0.93356824,-0.0057345172,0.10908412,250,4500000000.0
2249,272250,1.3612500837265907e-06,-0.34020409999999995,-0.9348341,-0.0060099047,0.10886161,250,4500000000.0
2250,272251,1.3612559356568278e-06,-0.33530483,-0.9365683,-0.006230797,0.10846755,250,4500000000.0
2251,272252,1.3612603244280505e-06,-0.33154870000000003,-0.9378752,-0.0062830043000000006,0.10809692,250,4500000000.0
2252,272253,1.3612661746246179e-06,-0.32654446,-0.9395865,-0.00619947,0.10752082,250,4500000000.0
2253,272254,1.3612705635182436e-06,-0.32286897,-0.9408219,-0.0060230526,0.10704822,250,4500000000.0
2254,272255,1.361276416130476e-06,-0.31818384,-0.9423709,-0.005641295,0.106400825,250,4500000000.0
2255,272256,1.3612808050386077e-06,-0.3149052,-0.9434379,-0.0052510565,0.10593622,250,4500000000.0
2256,272257,1.3612851939018376e-06,-0.31188625,-0.9444086,-0.0047785556,0.105520524,250,4500000000.0
2257,272258,1.36129104610944e-06,-0.30834785,-0.9455324,-0.0040338608000000005,0.10508331,250,4500000000.0
2258,272259,1.3612954344790149e-06,-0.3061147,-0.94623446,-0.0034011358000000003,0.104875684,250,4500000000.0
2259,272260,1.3613012840211942e-06,-0.30376545,-0.9469684000000002,-0.0024780293,0.104793094,250,4500000000.0
2260,272261,1.3613056726652042e-06,-0.30250967,-0.9473597,-0.0017400376,0.10489163,250,4500000000.0
2261,272262,1.3613100606351871e-06,-0.30171084,-0.9476101,-0.0009762342,0.105135,250,4500000000.0
2262,272263,1.3613159130596544e-06,-0.30137572,-0.94772124,6.188641e-05,0.10568169,250,4500000000.0
2263,272264,1.3613203016240685e-06,-0.30167606,-0.9476362,0.00083903293,0.106249176,250,4500000000.0
2264,272265,1.3613261536675468e-06,-0.3028009,-0.94730026,0.0018505869,0.10718593,250,4500000000.0
2265,272266,1.3613305422779702e-06,-0.3041689,-0.94688505,0.0025754434,0.10799798,250,4500000000.0
2266,272267,1.3613363923932688e-06,-0.30664790000000003,-0.9461221,0.0034757114,0.10918099,250,4500000000.0
2267,272268,1.3613407812528506e-06,-0.30895993,-0.945401,0.004088387,0.11010808,250,4500000000.0
2268,272269,1.3613451702705126e-06,-0.31161872,-0.944561,0.0046370616,0.111035,250,4500000000.0
2269,272270,1.361351022937954e-06,-0.31562924,-0.94327366,0.0052552503,0.112223364,250,4500000000.0
2270,272271,1.3613554120185969e-06,-0.31892395,-0.9421982,0.0056250035,0.11304059,250,4500000000.0
2271,272272,1.361361264309095e-06,-0.32360157,-0.9406441,0.0059828204,0.113983065,250,4500000000.0
2272,272273,1.36136565304315e-06,-0.32725224,-0.93940914,0.006144882,0.11455182,250,4500000000.0
2273,272274,1.361370041693041e-06,-0.33096293,-0.9381343,0.00621331,0.11498175,250,4500000000.0
2274,272275,1.3613758916622702e-06,-0.33590484,-0.93640584,0.006157735,0.115326725,250,4500000000.0
2275,272276,1.3613802802631285e-06,-0.33953622,-0.93511343,0.0060069505,0.1154075,250,4500000000.0
2276,272277,1.361386132856244e-06,-0.34417388,-0.93343556,0.0056648390000000005,0.11528994,250,4500000000.0
2277,272278,1.3613905214620023e-06,-0.34743026,-0.9322392,0.005307589000000001,0.11504667,250,4500000000.0
2278,272279,1.3613963733869372e-06,-0.35138568,-0.9307656,0.0047070635,0.11454974,250,4500000000.0
2279,272280,1.3614007621311059e-06,-0.35400498,-0.9297775,0.0041722315,0.114079446,250,4500000000.0
2280,272281,1.3614051509142777e-06,-0.35628343,-0.9289102,0.0035736987,0.113552,250,4500000000.0
2281,272282,1.361411000627642e-06,-0.35873267,-0.9279698,0.0026923197,0.11280626,250,4500000000.0
2282,272283,1.3614153892484837e-06,-0.36009407,-0.92744344,0.0019810756,0.112248376,250,4500000000.0
2283,272284,1.3614212420880342e-06,-0.36123535,-0.92700005,0.0009859644,0.11154859,250,4500000000.0
2284,272285,1.3614256309250549e-06,-0.36156845,-0.9268703,0.00021935483,0.111080706,250,4500000000.0
2285,272286,1.361430020138465e-06,-0.36144662,-0.9269174,-0.0005519712,0.11066807,250,4500000000.0
2286,272287,1.3614358728069781e-06,-0.36057866,-0.92725384,-0.0015674157,0.1102203,250,4500000000.0
2287,272288,1.3614402615359438e-06,-0.35941005,-0.92770505,-0.0023039144,0.10995555,250,4500000000.0
2288,272289,1.3614461116715492e-06,-0.35719332,-0.9285554,-0.0032307240000000004,0.10967982,250,4500000000.0
2289,272290,1.3614505003969396e-06,-0.3550667,-0.92936414,-0.00387068,0.10951634,250,4500000000.0
2290,272291,1.3614563525712255e-06,-0.3516715,-0.9306418,-0.0046309870000000005,0.10932148,250,4500000000.0
2291,272292,1.3614607415323426e-06,-0.34875426,-0.931726,-0.0051195775,0.109172784,250,4500000000.0
2292,272293,1.3614651306851249e-06,-0.34556708,-0.9328965,-0.0055293315,0.109004155,250,4500000000.0
2293,272294,1.3614709834532718e-06,-0.3409812,-0.93455535,-0.0059416266,0.108723275,250,4500000000.0
2294,272295,1.3614753725380254e-06,-0.33735844,-0.9358449,-0.0061435914000000005,0.108462594,250,4500000000.0
2295,272296,1.3614812231357215e-06,-0.33239096,-0.9375836,-0.0062633976,0.10804166,250,4500000000.0
2296,272297,1.3614856118706084e-06,-0.32863614,-0.93887544,-0.00623909,0.107676774,250,4500000000.0
2297,272298,1.361490000321111e-06,-0.32492268,-0.9401343,-0.006117033000000001,0.107281715,250,4500000000.0
2298,272299,1.361495852156483e-06,-0.32013622,-0.94172984,-0.005805615,0.106734805,250,4500000000.0
2299,272300,1.3615002402136637e-06,-0.31674504,-0.9428422,-0.0054653925,0.106336825,250,4500000000.0
2300,272301,1.361506091716632e-06,-0.31258953,-0.94418544,-0.004879745,0.105861224,250,4500000000.0
2301,272302,1.3615104798414677e-06,-0.30981279999999994,-0.9450711,-0.004350746,0.10557824,250,4500000000.0
2302,272303,1.3615163291441113e-06,-0.30664828,-0.9460699,-0.0035420582,0.10533531,250,4500000000.0
2303,272304,1.36152071761448e-06,-0.3047258,-0.94667196,-0.0028702857,0.10527804,250,4500000000.0
2304,272305,1.3615251056752093e-06,-0.30322498,-0.94714016,-0.0021546925,0.105341546,250,4500000000.0
2305,272306,1.3615309572729923e-06,-0.30191913,-0.94754857,-0.0011519603,0.1056263,250,4500000000.0
2306,272307,1.3615353451157443e-06,-0.30148065,-0.9476891,-0.00037916566,0.10598976,250,4500000000.0
2307,272308,1.3615411971322846e-06,-0.30162874,-0.9476528,0.0006562547999999999,0.10666764,250,4500000000.0
2308,272309,1.3615455857501075e-06,-0.30228576,-0.9474584,0.0014206041,0.107304536,250,4500000000.0
2309,272310,1.3615514363322091e-06,-0.30386734,-0.9469805,0.0024009421,0.10829177,250,4500000000.0
2310,272311,1.3615558255547792e-06,-0.3055575,-0.9464628,0.0030928317,0.10910766,250,4500000000.0
2311,272312,1.3615602145930375e-06,-0.30764887,-0.9458145,0.0037356268,0.10996316,250,4500000000.0
2312,272313,1.3615660668613243e-06,-0.31100222,-0.9447602,0.0044998694,0.111116186,250,4500000000.0
2313,272314,1.3615704556832137e-06,-0.31388816,-0.94383883,0.004992365,0.11195693,250,4500000000.0
2314,272315,1.3615763084698403e-06,-0.31814465,-0.9424572,0.005527916,0.11299196,250,4500000000.0
2315,272316,1.3615806974100046e-06,-0.3215774,-0.9413236,0.005831116,0.11367449,250,4500000000.0
2316,272317,1.3615850867563264e-06,-0.32515776,-0.94012296,0.006045113,0.11425002,250,4500000000.0
2317,272318,1.3615909375978999e-06,-0.33006382,-0.93844783,0.006186718000000001,0.114826314,250,4500000000.0
2318,272319,1.3615953265028352e-06,-0.3337711,-0.9371591,0.0061834347,0.11510066,250,4500000000.0
2319,272320,1.3616011790365295e-06,-0.33864412,-0.9354353,0.0060334597,0.11524693,250,4500000000.0
2320,272321,1.361605568035593e-06,-0.34217438,-0.9341652,0.005814154,0.11519871,250,4500000000.0
2321,272322,1.3616114211148871e-06,-0.34661615,-0.93254197,0.0053855754,0.11493967,250,4500000000.0
2322,272323,1.3616158096274895e-06,-0.34968287,-0.9314049,0.004968423400000001,0.11461803,250,4500000000.0
2323,272324,1.3616201982817856e-06,-0.35247302,-0.93035865,0.0044759116,0.11421079,250,4500000000.0
2324,272325,1.3616260479751606e-06,-0.35569125,-0.9291383,0.0037150155,0.11357566,250,4500000000.0
2325,272326,1.361630436630516e-06,-0.35768384,-0.92837536,0.003076753,0.11305961,250,4500000000.0
2326,272327,1.3616362885211672e-06,-0.359722,-0.9275889,0.00215373,0.11236432,250,4500000000.0
2327,272328,1.3616406772282645e-06,-0.3607568,-0.9271872,0.0014208667,0.111862995,250,4500000000.0
2328,272329,1.3616450661977994e-06,-0.36135045,-0.926956,0.0006652500599999999,0.1113975,250,4500000000.0
2329,272330,1.3616509189376187e-06,-0.36144027,-0.9269202,-0.00035803343,0.11084979,250,4500000000.0
2330,272331,1.3616553071492383e-06,-0.3609789000000001,-0.92709863,-0.0011219354,0.11050172,250,4500000000.0
2331,272332,1.3616611576539895e-06,-0.35967034,-0.927604,-0.0021137893,0.11011676,250,4500000000.0
2332,272333,1.3616655458632194e-06,-0.35818613,-0.9281744,-0.0028229058,0.10987677,250,4500000000.0
2333,272334,1.3616713976810074e-06,-0.35557652,-0.92916924,-0.0037010864,0.10960465,250,4500000000.0
2334,272335,1.3616757864871444e-06,-0.35318312,-0.93007296,-0.0042956755,0.10941267,250,4500000000.0
2335,272336,1.3616801751880506e-06,-0.35045448,-0.9310931,-0.0048247655,0.10922146,250,4500000000.0
2336,272337,1.3616860288236457e-06,-0.34636393,-0.93260235,-0.005413986700000001,0.10893675,250,4500000000.0
2337,272338,1.3616904180524207e-06,-0.3430183,-0.93381906,-0.005759134399999999,0.10868537,250,4500000000.0
2338,272339,1.361696269086059e-06,-0.3382841,-0.93551385,-0.006079586999999999,0.10828846,250,4500000000.0
2339,272340,1.3617006584451373e-06,-0.33459759999999994,-0.936812,-0.0062099854000000005,0.10794377,250,4500000000.0
2340,272341,1.3617050478281666e-06,-0.33085895,-0.9381094,-0.006243414,0.10756413,250,4500000000.0
2341,272342,1.3617109000764057e-06,-0.32589412,-0.9398032,-0.006136159,0.107015304,250,4500000000.0
2342,272343,1.3617152889542256e-06,-0.3222619,-0.9410216,-0.0059433714,0.10659764,250,4500000000.0
2343,272344,1.3617211420677949e-06,-0.31764874,-0.9425443,-0.005542129,0.106063545,250,4500000000.0
2344,272345,1.3617255311371609e-06,-0.31443402,-0.9435891,-0.0051393663,0.10570824,250,4500000000.0
2345,272346,1.3617313813393015e-06,-0.31057248,-0.9448275,-0.004479017,0.10533871,250,4500000000.0
2346,272347,1.361735769953746e-06,-0.30805314,-0.9456262,-0.0039013182,0.105164535,250,4500000000.0
2347,272348,1.3617401584599971e-06,-0.30590254,-0.94630253,-0.0032632723,0.105095804,250,4500000000.0
2348,272349,1.3617460099611536e-06,-0.3036665,-0.94700205,-0.0023364224,0.10519292,250,4500000000.0
2349,272350,1.3617503986650895e-06,-0.30249724,-0.9473676,-0.001598588,0.10541408,250,4500000000.0
2350,272351,1.3617562509219794e-06,-0.30164948,-0.947636,-0.0005800399,0.10591368,250,4500000000.0
2351,272352,1.3617606392299255e-06,-0.30155924,-0.94767064,0.0001940887,0.10643,250,4500000000.0
2352,272353,1.3617650271775956e-06,-0.30193767,-0.9475621,0.00096358685,0.107057706,250,4500000000.0
2353,272354,1.3617708761819059e-06,-0.30315727,-0.94719714,0.0019616182,0.108038895,250,4500000000.0
2354,272355,1.3617752642083679e-06,-0.30458853,-0.9467619,0.0026746735,0.10885613,250,4500000000.0
2355,272356,1.3617811149707846e-06,-0.30714017,-0.94597495,0.0035572338,0.11000986,250,4500000000.0
2356,272357,1.361785503268127e-06,-0.30949593,-0.9452384,0.004155135,0.110889666,250,4500000000.0
2357,272358,1.3617913559932843e-06,-0.31315535,-0.9440768,0.004850225,0.11202733,250,4500000000.0
2358,272359,1.3617957443869008e-06,-0.31623048,-0.9430849,0.0052847555,0.11282003,250,4500000000.0
2359,272360,1.3618001330288508e-06,-0.3195362,-0.9420029,0.0056379475,0.11353516,250,4500000000.0
2360,272361,1.3618059832869094e-06,-0.32421178,-0.94044524,0.0059737293,0.114324756,250,4500000000.0
2361,272362,1.3618103722067298e-06,-0.32785067,-0.9392112,0.00611978,0.11477583,250,4500000000.0
2362,272363,1.361816224144784e-06,-0.33277178,-0.937512,0.0061696647,0.11516552,250,4500000000.0
2363,272364,1.3618206133014774e-06,-0.33644193,-0.9362219,0.00609798,0.11529098,250,4500000000.0
2364,272365,1.3618250022116296e-06,-0.34003243,-0.93494135,0.005934029,0.11527802,250,4500000000.0
2365,272366,1.3618308555569905e-06,-0.3446045,-0.933284,0.005576392,0.11506017,250,4500000000.0
2366,272367,1.361835244546686e-06,-0.34780434,-0.93210626,0.005209261,0.11476386,250,4500000000.0
2367,272368,1.361841095133139e-06,-0.3516752,-0.93066204,0.0045983605,0.11423014,250,4500000000.0
2368,272369,1.3618454841515518e-06,-0.3542276,-0.92969805,0.0040577073,0.11375591,250,4500000000.0
2369,272370,1.3618513357178354e-06,-0.35709015,-0.9286058,0.0032422335,0.11307176,250,4500000000.0
2370,272371,1.3618557244195934e-06,-0.35879073,-0.92795146,0.0025713470000000003,0.11255022,250,4500000000.0
2371,272372,1.3618601134984243e-06,-0.3600802,-0.92745227,0.001860569,0.11204492,250,4500000000.0
2372,272373,1.3618659674719836e-06,-0.36112732,-0.9270448,0.0008689362400000001,0.11142805,250,4500000000.0
2373,272374,1.3618703567807137e-06,-0.36139226,-0.926941,0.00010713996,0.111021005,250,4500000000.0
2374,272375,1.3618762077489552e-06,-0.3610432,-0.9270752,-0.00091085065,0.11056062,250,4500000000.0
2375,272376,1.3618805967420635e-06,-0.36025852,-0.9273781,-0.0016612993,0.11027881,250,4500000000.0
2376,272377,1.3618864482546075e-06,-0.35853532,-0.928041,-0.0026223494,0.10996859,250,4500000000.0
2377,272378,1.3618908367939935e-06,-0.3567587,-0.9287199,-0.0032990284000000004,0.109770715,250,4500000000.0
2378,272379,1.3618952257271204e-06,-0.35459468,-0.92954075,-0.0039261314,0.10958721,250,4500000000.0
2379,272380,1.361901079310244e-06,-0.35116085,-0.9308292,-0.0046682125,0.10933349,250,4500000000.0
2380,272381,1.3619054685046866e-06,-0.3482249,-0.9319176,-0.005142394000000001,0.10911806,250,4500000000.0
2381,272382,1.361911319551418e-06,-0.3439131,-0.9334936,-0.005650303299999999,0.1087738,250,4500000000.0
2382,272383,1.3619157090097796e-06,-0.34044337,-0.93474275,-0.005930056,0.108463146,250,4500000000.0
2383,272384,1.3619200980623597e-06,-0.33683124,-0.9360254,-0.0061176573,0.108104646,250,4500000000.0
2384,272385,1.3619259494545194e-06,-0.33189040000000003,-0.9377508,-0.0062191845,0.10755802,250,4500000000.0
2385,272386,1.3619303388823694e-06,-0.328165,-0.9390297,-0.0061820685,0.10710846,250,4500000000.0
2386,272387,1.3619361925851331e-06,-0.32328270000000003,-0.9406778,-0.0059823235,0.106489465,250,4500000000.0
2387,272388,1.3619405817600661e-06,-0.31976140000000003,-0.9418471,-0.005722869,0.106036514,250,4500000000.0
2388,272389,1.3619464331135001e-06,-0.31535923,-0.9432865,-0.0052385833,0.10548883,250,4500000000.0
2389,272390,1.36195082234473e-06,-0.3123444,-0.9442582,-0.0047790133,0.1051509,250,4500000000.0
2390,272391,1.3619552112761095e-06,-0.30963013,-0.9451239,-0.0042450107,0.10490244,250,4500000000.0
2391,272392,1.3619610618736526e-06,-0.30655262,-0.94609565,-0.0034323554,0.10473894,250,4500000000.0
2392,272393,1.361965450128116e-06,-0.30469742,-0.94667727,-0.0027598855,0.10476175,250,4500000000.0
2393,272394,1.3619713030931616e-06,-0.30288324,-0.9472447,-0.001799432,0.10500258,250,4500000000.0
2394,272395,1.3619756915362812e-06,-0.30204538,-0.9475084,-0.0010465244,0.10534381,250,4500000000.0
2395,272396,1.361980080086074e-06,-0.3016698,-0.94763035,-0.0002787037,0.105818346,250,4500000000.0
2396,272397,1.3619859304032885e-06,-0.30189592,-0.9475712,0.0007471959,0.10664189,250,4500000000.0
2397,272398,1.361990318515669e-06,-0.30260566,-0.9473610999999998,0.0015029021,0.10738187,250,4500000000.0
2398,272399,1.3619961682947204e-06,-0.30424827,-0.9468645,0.0024698228,0.10849452,250,4500000000.0
2399,272400,1.3620000000000043e-06,-0.30573466,-0.9464091,0.0030666585,0.10927339,250,4500000000.0
