,Unnamed: 0,# t (s),mx (),my (),mz (),MaxAngle (rad),phi (degree),f_RF (GHz)
2400,277801,1.3890058907316122e-06,-0.2724323,-0.9571429,-0.002953001,0.11156251,255,5000000000.0
2401,277802,1.389010294211273e-06,-0.27049524,-0.95767665,-0.0033170388,0.11068696,255,5000000000.0
2402,277803,1.3890161631175492e-06,-0.2676113,-0.9584613,-0.0036859456,0.10950979,255,5000000000.0
2403,277804,1.3890205619034901e-06,-0.26528275,-0.9590857,-0.003872759,0.108630404,255,5000000000.0
2404,277805,1.3890264232026778e-06,-0.26204678,-0.9599403,-0.0040016407,0.10936791,255,5000000000.0
2405,277806,1.3890308188580759e-06,-0.25958046,-0.96058106,-0.004009936,0.11012055,255,5000000000.0
2406,277807,1.3890352133341406e-06,-0.25713164,-0.96120846,-0.003945482,0.11082985,255,5000000000.0
2407,277808,1.389041071345145e-06,-0.25396794,-0.96200573,-0.0037534267,0.11169253,255,5000000000.0
2408,277809,1.3890454645985172e-06,-0.25172317,-0.96256214,-0.003536515,0.11226541,255,5000000000.0
2409,277810,1.3890513222262465e-06,-0.24896966,-0.96323407,-0.0031619852,0.112925336,255,5000000000.0
2410,277811,1.3890557140171082e-06,-0.24712563,-0.9636772,-0.0028264297,0.113340326,255,5000000000.0
2411,277812,1.3890601051966764e-06,-0.24550048,-0.96406305,-0.002452604,0.1136829,255,5000000000.0
2412,277813,1.3890659588318452e-06,-0.24371018,-0.96448255,-0.0019088842,0.114038065,255,5000000000.0
2413,277814,1.3890703496323335e-06,-0.24266924,-0.96472347,-0.0014779677,0.11423014,255,5000000000.0
2414,277815,1.3890762034480092e-06,-0.24170166,-0.9649445,-0.00088895316,0.114402585,255,5000000000.0
2415,277816,1.3890805938496515e-06,-0.24129504,-0.9650355,-0.0004472216200000001,0.114473574,255,5000000000.0
2416,277817,1.3890864486924206e-06,-0.24117257,-0.9650597,0.00012639203,0.11449705,255,5000000000.0
2417,277818,1.3890908381525773e-06,-0.24138412,-0.9650084,0.00053499115,0.11446574,255,5000000000.0
2418,277819,1.3890952275203973e-06,-0.24184048,-0.9649007,0.0009174417,0.11439162,255,5000000000.0
2419,277820,1.3891010788216269e-06,-0.24279745,-0.9646767,0.0013759657,0.11422753,255,5000000000.0
2420,277821,1.389105467911422e-06,-0.24374783,-0.9644543,0.0016745660000000002,0.114051685,255,5000000000.0
2421,277822,1.3891113195465044e-06,-0.24527588,-0.96409565,0.002004161,0.11373753,255,5000000000.0
2422,277823,1.3891157084490098e-06,-0.24658076,-0.9637879,0.0021959662,0.11343779,255,5000000000.0
2423,277824,1.389120097477135e-06,-0.24798825,-0.9634544,0.0023380665,0.11307915,255,5000000000.0
2424,277825,1.3891259504481544e-06,-0.24997102,-0.962981,0.002448857,0.11249926,255,5000000000.0
2425,277826,1.389130338967072e-06,-0.25149643,-0.9626142,0.0024733455,0.111982,255,5000000000.0
2426,277827,1.3891361891291002e-06,-0.2535236,-0.9621229,0.0024307552,0.111185506,255,5000000000.0
2427,277828,1.389140577559685e-06,-0.25500193,-0.9617619,0.0023457138,0.11050659,255,5000000000.0
2428,277829,1.3891464284846365e-06,-0.25686574,-0.9613038,0.0021683048,0.11073767,255,5000000000.0
2429,277830,1.3891508164692752e-06,-0.25815228,-0.9609860999999998,0.0019929484,0.11133152,255,5000000000.0
2430,277831,1.3891552047683323e-06,-0.2593207,-0.96069634,0.001786926,0.11186032,255,5000000000.0
2431,277832,1.3891610570613121e-06,-0.26066604,-0.96036226,0.0014741123000000002,0.11245891,255,5000000000.0
2432,277833,1.3891654451923731e-06,-0.26149845,-0.96015614,0.0012186662,0.11282638,255,5000000000.0
2433,277834,1.3891712946761276e-06,-0.2623567,-0.95994526,0.0008618086,0.11321167,255,5000000000.0
2434,277835,1.3891756826833126e-06,-0.26280642,-0.9598369,0.00058966107,0.11343042,255,5000000000.0
2435,277836,1.3891800706086909e-06,-0.26308942,-0.9597716,0.0003201889,0.11359617,255,5000000000.0
2436,277837,1.3891859203403774e-06,-0.26321363,-0.9597506,-2.5451693e-05,0.11375067,255,5000000000.0
2437,277838,1.3891903082946436e-06,-0.26312625,-0.95978135,-0.0002680416,0.113829926,255,5000000000.0
2438,277839,1.3891961609255557e-06,-0.26278862,-0.9598795,-0.00056105666,0.11391072,255,5000000000.0
2439,277840,1.389200548937406e-06,-0.26238695,-0.9599909,-0.0007531327,0.113964185,255,5000000000.0
2440,277841,1.3892063994951134e-06,-0.26168293,-0.96018153,-0.0009670505,0.11404488,255,5000000000.0
2441,277842,1.3892107878653613e-06,-0.26105082,-0.96034974,-0.0010933044,0.11411975,255,5000000000.0
2442,277843,1.3892151765019407e-06,-0.2603499,-0.96053416,-0.0011889396,0.114216544,255,5000000000.0
2443,277844,1.3892210273424386e-06,-0.259341,-0.96079564,-0.001268242,0.114370205,255,5000000000.0
2444,277845,1.3892254156001124e-06,-0.2585529,-0.9609973,-0.0012921355,0.11450697,255,5000000000.0
2445,277846,1.3892312691505665e-06,-0.25749448,-0.961264,-0.0012787974,0.11470295,255,5000000000.0
2446,277847,1.3892356583554493e-06,-0.2567177,-0.96145695,-0.0012373312,0.11485127,255,5000000000.0
2447,277848,1.389240047490387e-06,-0.25597307,-0.9616393,-0.0011716062,0.114987984,255,5000000000.0
2448,277849,1.3892458990526852e-06,-0.25505424,-0.9618602,-0.0010513201,0.11512609,255,5000000000.0
2449,277850,1.3892502878583842e-06,-0.25443584,-0.9620056,-0.00094087457,0.11517849,255,5000000000.0
2450,277851,1.3892561391976649e-06,-0.25372362,-0.9621692,-0.0007734367999999999,0.115154624,255,5000000000.0
2451,277852,1.389260528751198e-06,-0.25328246,-0.9622668,-0.000637514,0.11504823,255,5000000000.0
2452,277853,1.3892663828034724e-06,-0.25282618,-0.9623633,-0.00044964175,0.11476386,255,5000000000.0
2453,277854,1.3892707721220607e-06,-0.25258502,-0.96241,-0.00030860857999999994,0.11443652,255,5000000000.0
2454,277855,1.3892751613559522e-06,-0.2524294,-0.96243566,-0.00017134381,0.11400297,255,5000000000.0
2455,277856,1.389281012881827e-06,-0.25234917,-0.96243894,1.9990347e-07,0.113260195,255,5000000000.0
2456,277857,1.3892854020868289e-06,-0.25237742,-0.96242034,0.00011653132,0.112748,255,5000000000.0
2457,277858,1.3892912533538795e-06,-0.25251916,-0.9623716,0.00025050083,0.11366609,255,5000000000.0
2458,277859,1.3892956426665292e-06,-0.25269198,-0.9623201,0.0003326399,0.114191964,255,5000000000.0
2459,277860,1.389300031877887e-06,-0.25291073,-0.96225876,0.0003974523,0.11456955,255,5000000000.0
2460,277861,1.389305885098107e-06,-0.25325492,-0.96216637,0.0004554662,0.11484295,255,5000000000.0
2461,277862,1.3893102736955893e-06,-0.25353783,-0.96209306,0.0004772841000000001,0.11487988,255,5000000000.0
2462,277863,1.3893161237781936e-06,-0.25392658,-0.961995,0.0004780546,0.114724815,255,5000000000.0
2463,277864,1.3893205124107564e-06,-0.2542129,-0.9619249,0.00045852448,0.11447201,255,5000000000.0
2464,277865,1.3893263630404784e-06,-0.25456834,-0.96184033,0.00040834007,0.11398359,255,5000000000.0
2465,277866,1.3893307513844615e-06,-0.25480375,-0.9617866,0.00035500690000000003,0.11353147,255,5000000000.0
2466,277867,1.3893351399551648e-06,-0.25500396,-0.96174335,0.0002907026,0.113024734,255,5000000000.0
2467,277868,1.389340992598524e-06,-0.25520617,-0.9617038,0.00019227932,0.11230157,255,5000000000.0
2468,277869,1.3893453810703302e-06,-0.2553039,-0.9616889,0.00011254129,0.11174814,255,5000000000.0
2469,277870,1.389351231793314e-06,-0.25535820000000004,-0.96168965,3.7559757e-06,0.11102531,255,5000000000.0
2470,277871,1.389355620431772e-06,-0.25534195,-0.96170527,-7.5983364e-05,0.11051037,255,5000000000.0
2471,277872,1.389360009107132e-06,-0.25527883,-0.96173316,-0.00015103687,0.11003211,255,5000000000.0
2472,277873,1.3893658593272276e-06,-0.25512826,-0.96178764,-0.00023932428,0.10946288,255,5000000000.0
2473,277874,1.38937024769923e-06,-0.25497246,-0.9618394,-0.0002937163,0.10909179,255,5000000000.0
2474,277875,1.389376100178949e-06,-0.25472048,-0.9619188,-0.00034674467000000005,0.10866943,255,5000000000.0
2475,277876,1.38938048841285e-06,-0.25450897,-0.96198344,-0.00036989947,0.108405314,255,5000000000.0
2476,277877,1.3893863389886844e-06,-0.25421405,-0.96207154,-0.00037666276,0.108111285,255,5000000000.0
2477,277878,1.389390727333436e-06,-0.25399554,-0.96213585,-0.00036298617,0.10792662,255,5000000000.0
2478,277879,1.3893951160380985e-06,-0.2537902,-0.96219563,-0.00033321953,0.10776271,255,5000000000.0
2479,277880,1.389400966737275e-06,-0.25355348,-0.9622638,-0.00026942175,0.10756468,255,5000000000.0
2480,277881,1.3894053557646256e-06,-0.2534154,-0.9623033,-0.00020477876,0.10741968,255,5000000000.0
2481,277882,1.389411209577557e-06,-0.2532996,-0.96233624,-9.901527e-05,0.108908236,255,5000000000.0
2482,277883,1.3894155986867631e-06,-0.25327295,-0.9623439,-7.566976e-06,0.110072814,255,5000000000.0
2483,277884,1.389421450456387e-06,-0.253328,-0.96232885,0.00012616426000000005,0.111625135,255,5000000000.0
2484,277885,1.389425839430451e-06,-0.25344202,-0.9622972,0.00023194379,0.1127639,255,5000000000.0
2485,277886,1.3894302284647688e-06,-0.25362045,-0.9622481,0.00033929848,0.113864034,255,5000000000.0
2486,277887,1.389436079144399e-06,-0.2539582,-0.9621546,0.0004797719,0.11524329,255,5000000000.0
2487,277888,1.3894404678028635e-06,-0.25428385,-0.9620649,0.00057931006,0.11618854,255,5000000000.0
2488,277889,1.389446321234758e-06,-0.25480658,-0.9619212,0.0006987302,0.11730509,255,5000000000.0
2489,277890,1.3894507101282422e-06,-0.25525668,-0.96179736,0.00077466917,0.11801746,255,5000000000.0
2490,277891,1.3894550990394258e-06,-0.2557479,-0.9616623,0.0008361108500000001,0.1186118,255,5000000000.0
2491,277892,1.3894609508894862e-06,-0.25644994,-0.9614693,0.0008916214599999998,0.11920068,255,5000000000.0
2492,277893,1.3894653393350629e-06,-0.25699756,-0.96131885,0.00091103173,0.11948204,255,5000000000.0
2493,277894,1.3894711898354299e-06,-0.25773272,-0.96111685,0.0009046473,0.11963595,255,5000000000.0
2494,277895,1.389475578645026e-06,-0.25827125,-0.9609687,0.000874535,0.119586505,255,5000000000.0
2495,277896,1.3894814315269941e-06,-0.2589469,-0.9607829,0.00080004754,0.11929737,255,5000000000.0
2496,277897,1.389485820342046e-06,-0.25940436,-0.9606568,0.0007188558000000001,0.11892067,255,5000000000.0
2497,277898,1.3894902090052685e-06,-0.25980538,-0.9605463,0.00061693595,0.11841167,255,5000000000.0
2498,277899,1.3894960601474482e-06,-0.26023138,-0.9604288,0.00045139182,0.11753964,255,5000000000.0
2499,277900,1.389500448780348e-06,-0.26045537,-0.9603668,0.00030762196,0.116754286,255,5000000000.0
2500,277901,1.3895062985505483e-06,-0.26060915,-0.96032375,9.4764655e-05,0.11555389,255,5000000000.0
2501,277902,1.389510686958703e-06,-0.26060653,-0.9603237,-7.686673e-05,0.11455286,255,5000000000.0
2502,277903,1.3895150749274204e-06,-0.26049715,-0.96035266,-0.00025490366000000003,0.113483585,255,5000000000.0
2503,277904,1.3895209275229442e-06,-0.26018083,-0.96043736,-0.0004958807,0.1119756,255,5000000000.0
2504,277905,1.3895253163037457e-06,-0.25981584,-0.96053535,-0.0006741171,0.1108083,255,5000000000.0
2505,277906,1.3895311675581353e-06,-0.25916433,-0.96071005,-0.0009008061,0.10923458,255,5000000000.0
2506,277907,1.3895355559199706e-06,-0.2585595,-0.960872,-0.0010574479,0.108699106,255,5000000000.0
2507,277908,1.3895414056406612e-06,-0.25761443,-0.9611238,-0.001241177,0.10894332,255,5000000000.0
2508,277909,1.3895457939977957e-06,-0.25681573,-0.96133596,-0.0013556285,0.109063864,255,5000000000.0
2509,277910,1.3895501827764003e-06,-0.25595483,-0.9615637,-0.001446551,0.10913831,255,5000000000.0
2510,277911,1.3895560353019692e-06,-0.25473678,-0.9618844,-0.0015266178,0.10917497,255,5000000000.0
2511,277912,1.3895604240239914e-06,-0.25379282,-0.96213174,-0.0015530916,0.10916622,255,5000000000.0
2512,277913,1.3895662752659427e-06,-0.25252816,-0.9624613,-0.0015409866,0.10912791,255,5000000000.0
2513,277914,1.3895706636070056e-06,-0.25159958,-0.9627021,-0.0014954959,0.109092884,255,5000000000.0
2514,277915,1.3895750522455508e-06,-0.25070927,-0.9629321,-0.0014188335000000002,0.109068245,255,5000000000.0
2515,277916,1.3895809022099805e-06,-0.24961461,-0.96321344,-0.0012695759,0.10906441,255,5000000000.0
2516,277917,1.3895852912753297e-06,-0.24888583,-0.96340007,-0.0011242352,0.10909507,255,5000000000.0
2517,277918,1.3895911446426143e-06,-0.24806897,-0.9636083,-0.0008901505,0.10919356,255,5000000000.0
2518,277919,1.3895955334388435e-06,-0.247592,-0.9637297,-0.0006882122,0.10931,255,5000000000.0
2519,277920,1.3896013850404965e-06,-0.24716043,-0.9638391,-0.0003903722,0.10952561,255,5000000000.0
2520,277921,1.3896057739076073e-06,-0.24700275,-0.96387887,-0.0001507079,0.10972555,255,5000000000.0
2521,277922,1.389610163109179e-06,-0.24699517,-0.9638807,9.807968e-05,0.109951206,255,5000000000.0
2522,277923,1.3896160138261207e-06,-0.247225,-0.9638223,0.000435822,0.11027718,255,5000000000.0
2523,277924,1.389620402688452e-06,-0.24757805,-0.9637326,0.0006875138499999999,0.11052766,255,5000000000.0
2524,277925,1.3896262556193658e-06,-0.24828438,-0.96355313,0.0010116668,0.110847645,255,5000000000.0
2525,277926,1.389630644629638e-06,-0.24898228,-0.9633751,0.0012398692,0.111061886,255,5000000000.0
2526,277927,1.3896350336200632e-06,-0.24981394,-0.9631626,0.0014501492,0.11124512,255,5000000000.0
2527,277928,1.3896408861670869e-06,-0.25110868,-0.96283025,0.001695128,0.1120865,255,5000000000.0
2528,277929,1.3896452752403645e-06,-0.25219896,-0.9625492,0.0018471149,0.11303266,255,5000000000.0
2529,277930,1.3896511262561006e-06,-0.25377688,-0.9621402,0.0020008162,0.11415325,255,5000000000.0
2530,277931,1.3896555153677314e-06,-0.2550276,-0.9618143,0.0020756936,0.11486532,255,5000000000.0
2531,277932,1.389661368250882e-06,-0.25674266,-0.96136487,0.0021174694,0.11561695,255,5000000000.0
2532,277933,1.3896657571479942e-06,-0.25803393,-0.9610244,0.0021033997,0.11602029,255,5000000000.0
2533,277934,1.3896701461331586e-06,-0.25930288,-0.9606884,0.0020496794,0.11627798,255,5000000000.0
2534,277935,1.389675998122328e-06,-0.2609185,-0.9602583,0.0019167034,0.11639094,255,5000000000.0
2535,277936,1.3896803868121259e-06,-0.26204216,-0.95995784,0.0017722782999999996,0.11630879,255,5000000000.0
2536,277937,1.3896862372758007e-06,-0.26337993,-0.9595986,0.0015237633,0.11598476,255,5000000000.0
2537,277938,1.3896906259175258e-06,-0.26423615,-0.9593681,0.0012989163,0.11559628,255,5000000000.0
2538,277939,1.3896950148223743e-06,-0.26494524,-0.959177,0.0010450211,0.11509755,255,5000000000.0
2539,277940,1.389700867617518e-06,-0.26563418,-0.9589914,0.00066865445,0.11428713,255,5000000000.0
2540,277941,1.3897052565410012e-06,-0.2659414,-0.95890933,0.00036443572,0.11359512,255,5000000000.0
2541,277942,1.3897111088453305e-06,-0.26605418,-0.95888084,-6.0159393e-05,0.112593725,255,5000000000.0
2542,277943,1.3897154976348036e-06,-0.26590928,-0.9589224,-0.0003851505200000001,0.111810654,255,5000000000.0
2543,277944,1.3897213482338105e-06,-0.26540816,-0.95906156,-0.0008154550999999999,0.110755466,255,5000000000.0
2544,277945,1.3897257374089986e-06,-0.2648056,-0.95922714,-0.0011279498,0.10997999,255,5000000000.0
2545,277946,1.389730125896327e-06,-0.26401708,-0.95944273,-0.0014246479,0.10923567,255,5000000000.0
2546,277947,1.3897359784737494e-06,-0.2626965,-0.9598013,-0.0017854957,0.10831438,255,5000000000.0
2547,277948,1.389740366952843e-06,-0.26152483,-0.96011704,-0.0020226939,0.10769396,255,5000000000.0
2548,277949,1.3897462189719893e-06,-0.25975725,-0.96058995,-0.002284925,0.10698182,255,5000000000.0
2549,277950,1.3897506074792698e-06,-0.25830734,-0.9609747,-0.00243544,0.10654104,255,5000000000.0
2550,277951,1.3897564571042049e-06,-0.25625744,-0.9615137,-0.0025680272,0.10609394,255,5000000000.0
2551,277952,1.389760845406395e-06,-0.2546676,-0.96192807,-0.0026132248,0.10593566,255,5000000000.0
2552,277953,1.389765233804252e-06,-0.25306535,-0.9623421999999998,-0.0026102106,0.106126584,255,5000000000.0
2553,277954,1.3897710857507857e-06,-0.25096095,-0.9628809000000002,-0.0025304332,0.10643281,255,5000000000.0
2554,277955,1.3897754740843886e-06,-0.24944559,-0.9632652,-0.0024145737,0.106696196,255,5000000000.0
2555,277956,1.3897813260005809e-06,-0.24756351,-0.96373767,-0.0021885668,0.1070817,255,5000000000.0
2556,277957,1.3897857144321658e-06,-0.24629158,-0.96405417,-0.00196901,0.10738854,255,5000000000.0
2557,277958,1.3897901030032905e-06,-0.24516714,-0.96433157,-0.0017105866,0.10770506,255,5000000000.0
2558,277959,1.3897959533063153e-06,-0.24393614,-0.9646326,-0.0013134878,0.10813393,255,5000000000.0
2559,277960,1.3898003421892695e-06,-0.24323833,-0.9648014,-0.0009829214999999998,0.10845378,255,5000000000.0
2560,277961,1.389806194620442e-06,-0.24263722,-0.9649445,-0.00050973234,0.10886929,255,5000000000.0
2561,277962,1.389810583394396e-06,-0.24244712,-0.9649876,-0.0001388451,0.109396845,255,5000000000.0
2562,277963,1.3898164359092065e-06,-0.24255224,-0.96495724,0.0003644164,0.11030426,255,5000000000.0
2563,277964,1.3898208245667592e-06,-0.24290106,-0.9648681999999998,0.0007394283,0.11099517,255,5000000000.0
2564,277965,1.3898252135311774e-06,-0.24347724,-0.96472335,0.0011048212,0.11168184,255,5000000000.0
2565,277966,1.3898310639338087e-06,-0.24458386,-0.96444654,0.0015653153,0.11256083,255,5000000000.0
2566,277967,1.3898354529195062e-06,-0.24565117,-0.96417964,0.0018825381,0.11317578,255,5000000000.0
2567,277968,1.389841305925608e-06,-0.24735768,-0.9637514,0.0022565704,0.11391176,255,5000000000.0
2568,277969,1.3898456952365308e-06,-0.2488219,-0.963382,0.0024933482,0.11438065,255,5000000000.0
2569,277970,1.3898500843353016e-06,-0.25041658,-0.9629775,0.0026874114,0.11476646,255,5000000000.0
2570,277971,1.3898559376129865e-06,-0.25269818,-0.9623945,0.0028730494,0.115134396,255,5000000000.0
2571,277972,1.389860326603397e-06,-0.25448617,-0.96193403,0.002953463,0.1152889,255,5000000000.0
2572,277973,1.3898661770776236e-06,-0.25691202,-0.9613038,0.0029784723,0.1153231,255,5000000000.0
2573,277974,1.3898705664011965e-06,-0.25872144,-0.9608298,0.0029343443,0.11521634,255,5000000000.0
2574,277975,1.3898764187210057e-06,-0.26105726,-0.9602126,0.0027919493,0.11489756,255,5000000000.0
2575,277976,1.3898808073811769e-06,-0.26270944,-0.9597723,0.0026241953000000003,0.114529915,255,5000000000.0
2576,277977,1.3898851960989143e-06,-0.26424196,-0.95936143,0.0024067948,0.11405902,255,5000000000.0
2577,277978,1.3898910487321528e-06,-0.2660495,-0.9588736,0.002045608,0.11328709,255,5000000000.0
2578,277979,1.3898954372800194e-06,-0.26719380000000004,-0.9585631,0.0017270781,0.11261389,255,5000000000.0
2579,277980,1.3899012873935823e-06,-0.26839483,-0.9582363000000002,0.0012491522,0.11161604,255,5000000000.0
2580,277981,1.3899056763902305e-06,-0.26902846,-0.95806366,0.0008586919000000001,0.11081369,255,5000000000.0
2581,277982,1.3899100648149477e-06,-0.26941705,-0.9579584,0.00044862047,0.10998108,255,5000000000.0
2582,277983,1.389915917191201e-06,-0.26953837,-0.95792764,-0.000115928655,0.10885503,255,5000000000.0
2583,277984,1.3899203057820637e-06,-0.26932636,-0.9579883,-0.0005424008,0.10848187,255,5000000000.0
2584,277985,1.3899261580327192e-06,-0.2686425,-0.9581798,-0.0011000847,0.108241566,255,5000000000.0
2585,277986,1.389930546403014e-06,-0.267838,-0.9584031,-0.0014996943,0.10807813,255,5000000000.0
2586,277987,1.389936396095905e-06,-0.26640087,-0.9587991,-0.0019930063,0.10788843,255,5000000000.0
2587,277988,1.3899407846837446e-06,-0.26507232,-0.9591626,-0.0023242154000000003,0.107772686,255,5000000000.0
2588,277989,1.389945172849878e-06,-0.26355404,-0.9595748,-0.0026147442,0.10768288,255,5000000000.0
2589,277990,1.3899510247415986e-06,-0.26128063,-0.9601863000000002,-0.0029290435,0.107612416,255,5000000000.0
2590,277991,1.389955412763017e-06,-0.25942862,-0.96067935,-0.0031036953,0.10759743,255,5000000000.0
2591,277992,1.389961265402211e-06,-0.25682542,-0.9613649,-0.0032483772,0.10763073,255,5000000000.0
2592,277993,1.3899656537613169e-06,-0.25481993,-0.961887,-0.0032876364,0.10769729,255,5000000000.0
2593,277994,1.3899700420483628e-06,-0.25280935,-0.962405,-0.0032663345,0.107798174,255,5000000000.0
2594,277995,1.3899758918840416e-06,-0.25018528,-0.9630727,-0.0031441886,0.10797918,255,5000000000.0
2595,277996,1.3899802803621634e-06,-0.2483064,-0.96354496,-0.002984164,0.10814552,255,5000000000.0
2596,277997,1.3899861321834863e-06,-0.24598724,-0.96412086,-0.0026848796,0.1083987,255,5000000000.0
2597,277998,1.389990521074624e-06,-0.24442989,-0.964503,-0.0024011948,0.10860291,255,5000000000.0
2598,277999,1.3899963736886845e-06,-0.24265188,-0.9649341,-0.0019536526,0.10888355,255,5000000000.0
2599,278000,1.3900007623330593e-06,-0.24157552,-0.9651921999999998,-0.0015740178,0.10908741,255,5000000000.0
2600,278001,1.390005151323975e-06,-0.24074271,-0.9653895,-0.0011641895,0.10927722,255,5000000000.0
2601,278002,1.3900110020227673e-06,-0.24003868,-0.96555316,-0.00058385264,0.10973698,255,5000000000.0
2602,278003,1.390015391114501e-06,-0.2398291,-0.9655989,-0.00013317831,0.11068102,255,5000000000.0
2603,278004,1.3900212431748957e-06,-0.23998371,-0.96555567,0.00047267642,0.11193452,255,5000000000.0
2604,278005,1.3900256320494689e-06,-0.2404237,-0.9654454,0.0009201402,0.1128502,255,5000000000.0
2605,278006,1.3900300208960873e-06,-0.24113415,-0.96527,0.0013526895000000002,0.11372598,255,5000000000.0
2606,278007,1.3900358742268587e-06,-0.24248125,-0.9649388,0.0018928938,0.11480081,255,5000000000.0
2607,278008,1.3900402630118168e-06,-0.24376827,-0.9646219,0.0022608987,0.11551615,255,5000000000.0
2608,278009,1.3900461135629558e-06,-0.24581042,-0.9641169,0.0026893413,0.11632831,255,5000000000.0
2609,278010,1.3900505027960446e-06,-0.24755242,-0.9636833,0.0029564540000000003,0.11681209,255,5000000000.0
2610,278011,1.3900563547562894e-06,-0.25009614,-0.9630448,0.003230614,0.117272995,255,5000000000.0
2611,278012,1.3900607437981566e-06,-0.2521258,-0.9625305,0.0033696028000000005,0.117472015,255,5000000000.0
2612,278013,1.3900651328236614e-06,-0.25421956,-0.96199536,0.003448229,0.117543705,255,5000000000.0
2613,278014,1.3900709860724942e-06,-0.25704628,-0.9612649,0.0034562077,0.117431834,255,5000000000.0
2614,278015,1.3900753749406704e-06,-0.25914186,-0.96071756,0.0033888742,0.11720166,255,5000000000.0
2615,278016,1.3900812254383233e-06,-0.26183096,-0.9600078000000002,0.0032028977000000004,0.11670566,255,5000000000.0
2616,278017,1.3900856143187577e-06,-0.26372194,-0.95950365,0.0029939157,0.11620139,255,5000000000.0
2617,278018,1.3900900030680096e-06,-0.26546556,-0.9590352,0.0027290438,0.11559731,255,5000000000.0
2618,278019,1.3900958547099363e-06,-0.26750562,-0.9584826,0.0022967558,0.11465711,255,5000000000.0
2619,278020,1.390100243814475e-06,-0.26878476,-0.95813376,0.0019204094,0.113866135,255,5000000000.0
2620,278021,1.390106097101663e-06,-0.27010936,-0.95777094,0.0013616289000000002,0.11272575,255,5000000000.0
2621,278022,1.390110486016756e-06,-0.27079153,-0.95758396,0.00090973784,0.11182722,255,5000000000.0
2622,278023,1.390116335773513e-06,-0.27126014,-0.95745647,0.00027922008,0.11059734,255,5000000000.0
2623,278024,1.3901207245315966e-06,-0.27127090000000004,-0.9574555,-0.00020367757,0.10967111,255,5000000000.0
2624,278025,1.3901251127762069e-06,-0.27098736,-0.9575366,-0.00068496994,0.10875897,255,5000000000.0
2625,278026,1.3901309636045865e-06,-0.27015883,-0.95776963,-0.0013086222,0.10758411,255,5000000000.0
2626,278027,1.3901353517873472e-06,-0.26921272,-0.9580336,-0.0017513173000000002,0.10701028,255,5000000000.0
2627,278028,1.3901412039053172e-06,-0.2675489,-0.9584942,-0.0022922033,0.10724051,255,5000000000.0
2628,278029,1.3901455912885608e-06,-0.2660285,-0.9589115,-0.0026504947,0.10743079,255,5000000000.0
2629,278030,1.3901514407314708e-06,-0.26368934,-0.9595474,-0.0030521085,0.107703395,255,5000000000.0
2630,278031,1.390155828838678e-06,-0.26174164,-0.960071,-0.0032887445000000003,0.1079222,255,5000000000.0
2631,278032,1.3901602166862878e-06,-0.25966787,-0.960623,-0.0034647426,0.10814994,255,5000000000.0
2632,278033,1.390166067568695e-06,-0.25677258,-0.961384,-0.0035993604,0.10847141,255,5000000000.0
2633,278034,1.3901704564573256e-06,-0.2545551,-0.961959,-0.0036227056,0.10872217,255,5000000000.0
2634,278035,1.390176309152838e-06,-0.25161526,-0.96271074,-0.0035493720000000007,0.109072074,255,5000000000.0
2635,278036,1.390180697150366e-06,-0.24947721,-0.9632499,-0.0034173953000000003,0.10934387,255,5000000000.0
2636,278037,1.3901850855849862e-06,-0.24743983,-0.96375734,-0.0032220555,0.109620996,255,5000000000.0
2637,278038,1.3901909356615313e-06,-0.24494608,-0.9643699,-0.00286964,0.10999465,255,5000000000.0
2638,278039,1.390195324531032e-06,-0.24328707,-0.96477157,-0.0025426336,0.11027557,255,5000000000.0
2639,278040,1.3902011764341273e-06,-0.24141642,-0.96521866,-0.0020346898,0.11063946,255,5000000000.0
2640,278041,1.3902055654901657e-06,-0.24030334,-0.96548086,-0.0016089232,0.1108972,255,5000000000.0
2641,278042,1.3902114192126085e-06,-0.23924506,-0.9657257,-0.0009962234,0.111211285,255,5000000000.0
2642,278043,1.3902158084550242e-06,-0.23879044,-0.9658278,-0.0005140883999999999,0.11141304,255,5000000000.0
2643,278044,1.3902201977953446e-06,-0.23863634,-0.9658581,-2.2207034e-05,0.11157803,255,5000000000.0
2644,278045,1.3902260489609831e-06,-0.23890266,-0.96578664,0.0006332037000000001,0.11172889,255,5000000000.0
2645,278046,1.3902304381133115e-06,-0.23945194,-0.96565026,0.0011131092,0.11178501,255,5000000000.0
2646,278047,1.39023628957505e-06,-0.24063139,-0.9653614,0.0017208029,0.11206038,255,5000000000.0
2647,278048,1.3902406783867002e-06,-0.24183084,-0.9650687,0.0021418615,0.11288672,255,5000000000.0
2648,278049,1.39024506698339e-06,-0.24327642,-0.9647152,0.0025246206,0.113654524,255,5000000000.0
2649,278050,1.3902509202323986e-06,-0.24554175,-0.96415836,0.0029636482,0.11455547,255,5000000000.0
2650,278051,1.3902553090031241e-06,-0.24745338,-0.96368486,0.0032314304,0.11512505,255,5000000000.0
2651,278052,1.3902611598040889e-06,-0.25021997,-0.96299314,0.0034971535,0.11571662,255,5000000000.0
2652,278053,1.3902655484637251e-06,-0.25240996,-0.9624396,0.003623108400000001,0.11602853,255,5000000000.0
2653,278054,1.3902713991670376e-06,-0.25540692,-0.9616736,0.0036884574,0.116252795,255,5000000000.0
2654,278055,1.3902757877729872e-06,-0.25765985,-0.9610909,0.0036590372,0.11628054,255,5000000000.0
2655,278056,1.39028017648508e-06,-0.25987127,-0.9605131,0.0035625251,0.11618597,255,5000000000.0
2656,278057,1.3902860292556543e-06,-0.26268587,-0.9597696,0.0033320882,0.115879126,255,5000000000.0
2657,278058,1.3902904180426642e-06,-0.2646451,-0.95924646,0.0030866931,0.115525454,255,5000000000.0
2658,278059,1.3902962687703626e-06,-0.26698655,-0.95861536,0.0026707677000000003,0.11490639,255,5000000000.0
2659,278060,1.390300657792053e-06,-0.26849777,-0.95820487,0.0022992392000000003,0.114348784,255,5000000000.0
2660,278061,1.390305046735564e-06,-0.26976690000000003,-0.9578584,0.0018839814,0.11372598,255,5000000000.0
2661,278062,1.3903108974743368e-06,-0.2710416,-0.9575097,0.0012754928,0.11282109,255,5000000000.0
2662,278063,1.390315285993731e-06,-0.27166107,-0.9573406,0.0007887205,0.11210408,255,5000000000.0
2663,278064,1.3903211388568734e-06,-0.27201506,-0.9572464,0.00011615958999999997,0.11112801,255,5000000000.0
2664,278065,1.390325527250147e-06,-0.271919,-0.9572772,-0.00039341088,0.1103979,255,5000000000.0
2665,278066,1.3903313775167569e-06,-0.27131113,-0.9574522,-0.0010615534,0.109452516,255,5000000000.0
2666,278067,1.390335766212825e-06,-0.27050504,-0.9576805,-0.0015420687,0.108780935,255,5000000000.0
2667,278068,1.3903401546958763e-06,-0.26941428,-0.9579869,-0.0019946052,0.10815105,255,5000000000.0
2668,278069,1.3903460051845257e-06,-0.26755193,-0.958505,-0.0025395746,0.10739244,255,5000000000.0
2669,278070,1.3903503933942077e-06,-0.2658819000000001,-0.9589648,-0.0028944425,0.10689414,255,5000000000.0
2670,278071,1.3903562459335517e-06,-0.26334837,-0.95965457,-0.0032829347,0.10633738,255,5000000000.0
2671,278072,1.3903606343057293e-06,-0.26126462,-0.96021503,-0.0035034455,0.10633907,255,5000000000.0
2672,278073,1.3903650228057352e-06,-0.25906566,-0.96079963,-0.0036585322,0.10670962,255,5000000000.0
2673,278074,1.3903708733083458e-06,-0.25602600000000003,-0.9615962,-0.0037586936,0.107237734,255,5000000000.0
2674,278075,1.3903752618774857e-06,-0.2537199,-0.96219164,-0.0037521138,0.10765015,255,5000000000.0
2675,278076,1.390381111859548e-06,-0.2506927,-0.9629612,-0.003634844,0.108214535,255,5000000000.0
2676,278077,1.3903855006160746e-06,-0.24851182,-0.9635068,-0.0034677691,0.1086403,255,5000000000.0
2677,278078,1.3903913537593535e-06,-0.24580081,-0.96417487,-0.0031456319,0.10920232,255,5000000000.0
2678,278079,1.3903957427770262e-06,-0.2439652,-0.9646202,-0.0028356323,0.10961173,255,5000000000.0
2679,278080,1.3904001315194125e-06,-0.24233693,-0.96500987,-0.0024734582,0.11000606,255,5000000000.0
2680,278081,1.3904059829664895e-06,-0.24053992,-0.9654331,-0.0019213201,0.11049955,255,5000000000.0
2681,278082,1.390410371981028e-06,-0.2395048,-0.9656726,-0.0014652611,0.11083902,255,5000000000.0
2682,278083,1.3904162227797102e-06,-0.23857805,-0.9658816,-0.0008174889,0.11124458,255,5000000000.0
2683,278084,1.3904206117923722e-06,-0.23823915,-0.9659531,-0.00031327351,0.11150682,255,5000000000.0
2684,278085,1.390425000967224e-06,-0.23821309,-0.96595067,0.0001964139,0.11172675,255,5000000000.0
2685,278086,1.390430854895444e-06,-0.23866472,-0.9658324,0.00086865516,0.1119516,255,5000000000.0
2686,278087,1.390435244285562e-06,-0.23935986,-0.96565986,0.0013552187,0.11206145,255,5000000000.0
2687,278088,1.3904410956707643e-06,-0.24073704,-0.965322,0.0019638245,0.11212699,255,5000000000.0
2688,278089,1.3904454846735016e-06,-0.24208322,-0.96499276,0.0023796223,0.11242013,255,5000000000.0
2689,278090,1.3904513356657535e-06,-0.2442482,-0.9644617,0.0028653776,0.11306225,255,5000000000.0
2690,278091,1.3904557243816463e-06,-0.24611123,-0.964002,0.0031697368,0.11347095,255,5000000000.0
2691,278092,1.390460113387614e-06,-0.24814169,-0.9634975,0.0034164018,0.113803685,255,5000000000.0
2692,278093,1.390465966378048e-06,-0.25104505,-0.96276885,0.0036477852,0.11411714,255,5000000000.0
2693,278094,1.3904703551588068e-06,-0.2533169,-0.96219236,0.0037438632,0.114246875,255,5000000000.0
2694,278095,1.3904762064045732e-06,-0.25639305,-0.9614026,0.0037650857,0.1142725,255,5000000000.0
2695,278096,1.3904805951612072e-06,-0.25868073,-0.9608084,0.0037001898,0.114182025,255,5000000000.0
2696,278097,1.3904864459273451e-06,-0.2616245,-0.9600347,0.0035077524,0.11391701,255,5000000000.0
2697,278098,1.39049083490737e-06,-0.26370043,-0.9594831,0.0032870544,0.113616675,255,5000000000.0
2698,278099,1.390495223856153e-06,-0.26562005,-0.9589687,0.0030050585,0.11323646,255,5000000000.0
2699,278100,1.3905010770431314e-06,-0.2678758,-0.95835906,0.0025423856,0.11262344,255,5000000000.0
2700,278101,1.390505465973952e-06,-0.26929826,-0.957972,0.0021386216,0.11209449,255,5000000000.0
2701,278102,1.3905113174067079e-06,-0.27078566,-0.9575663,0.0015385462,0.11132884,255,5000000000.0
2702,278103,1.3905157060919472e-06,-0.27156717,-0.9573534,0.0010529194,0.110722564,255,5000000000.0
2703,278104,1.3905200940480207e-06,-0.27204528,-0.9572248,0.000546898,0.110105366,255,5000000000.0
2704,278105,1.3905259440243466e-06,-0.27219597,-0.95718974,-0.00014312,0.10928869,255,5000000000.0
2705,278106,1.3905303321101623e-06,-0.27194050000000003,-0.9572668,-0.0006595814,0.1086969,255,5000000000.0
2706,278107,1.3905361846074152e-06,-0.27111664,-0.95750445,-0.0013282605,0.107960925,255,5000000000.0
2707,278108,1.390540573313872e-06,-0.27015093,-0.957779,-0.0018021946,0.10746247,255,5000000000.0
2708,278109,1.3905464247924598e-06,-0.26843320000000004,-0.9582616,-0.0023802281,0.10688688,255,5000000000.0
2709,278110,1.3905508131080535e-06,-0.2668533,-0.9587007,-0.0027625898,0.10653599,255,5000000000.0
2710,278111,1.3905552015178214e-06,-0.26505554,-0.95919544,-0.0030929444,0.10625312,255,5000000000.0
2711,278112,1.390561051932195e-06,-0.2623785,-0.9599229,-0.0034417824,0.10616202,255,5000000000.0
2712,278113,1.3905654405033962e-06,-0.26020882,-0.96050453,-0.0036283806,0.10635591,255,5000000000.0
2713,278114,1.3905712934125538e-06,-0.25717682,-0.9613056,-0.003770536,0.10667604,255,5000000000.0
2714,278115,1.3905756817791029e-06,-0.25485504,-0.9619096,-0.0037946743,0.10695614,255,5000000000.0
2715,278116,1.3905800704480995e-06,-0.25253987,-0.96250385,-0.0037477072,0.10726335,255,5000000000.0
2716,278117,1.3905859219152129e-06,-0.2495386,-0.9632619,-0.0035765402,0.10770949,255,5000000000.0
2717,278118,1.3905903108395023e-06,-0.24740613,-0.9637919,-0.0033701465,0.10805879,255,5000000000.0
2718,278119,1.3905961610692452e-06,-0.24479745,-0.9644295,-0.0029988252,0.1085358,255,5000000000.0
2719,278120,1.3906005500071851e-06,-0.24306303,-0.9648466999999998,-0.0026550936,0.10889014,255,5000000000.0
2720,278121,1.390606403308749e-06,-0.24110799,-0.9653092,-0.0021222627,0.10935098,255,5000000000.0
2721,278122,1.390610792254681e-06,-0.23994556,-0.96557933,-0.0016767451,0.109677635,255,5000000000.0
2722,278123,1.3906151811746093e-06,-0.23906736,-0.96577936,-0.001201037,0.10997944,255,5000000000.0
2723,278124,1.3906210328765803e-06,-0.23836525,-0.9659331,-0.0005351543,0.11069127,255,5000000000.0
2724,278125,1.390625421910561e-06,-0.23820236,-0.96596193,-2.3932947e-05,0.11130952,255,5000000000.0
2725,278126,1.3906312727855329e-06,-0.23847488,-0.96588475,0.0006554790299999999,0.112109944,255,5000000000.0
2726,278127,1.3906356618227084e-06,-0.23904108,-0.9657414,0.0011515425,0.11267593,255,5000000000.0
2727,278128,1.3906400509945415e-06,-0.23990588,-0.96552753,0.0016259315,0.11320163,255,5000000000.0
2728,278129,1.390645904167265e-06,-0.24149457,-0.9651375,0.0022100166,0.11382153,255,5000000000.0
2729,278130,1.3906502931211478e-06,-0.24298334,-0.96477216,0.002601307,0.11420923,255,5000000000.0
2730,278131,1.390656145140165e-06,-0.24531232,-0.96419847,0.0030473047,0.114612296,255,5000000000.0
2731,278132,1.390660534204085e-06,-0.24727489,-0.96371144,0.0033171005,0.11481642,255,5000000000.0
2732,278133,1.3906663848942314e-06,-0.25010952,-0.96300185,0.0035810722,0.11495161,255,5000000000.0
2733,278134,1.3906707739637205e-06,-0.2523489,-0.96243536,0.0037025358,0.114943825,255,5000000000.0
2734,278135,1.3906751628616506e-06,-0.25463894,-0.9618504,0.0037556537,0.114841916,255,5000000000.0
2735,278136,1.3906810160511212e-06,-0.25769883,-0.96105975,0.0037183925,0.11456173,255,5000000000.0
2736,278137,1.390685405093682e-06,-0.2599425,-0.9604733,0.0036098394,0.11425002,255,5000000000.0
2737,278138,1.3906912567701585e-06,-0.26278713,-0.9597213,0.0033611143,0.11370444,255,5000000000.0
2738,278139,1.390695645372081e-06,-0.26475924,-0.9591947,0.0031008301,0.11321008,255,5000000000.0
2739,278140,1.3907000335591236e-06,-0.2665519,-0.95871234,0.002782448,0.11265313,255,5000000000.0
2740,278141,1.3907058838431772e-06,-0.26860604,-0.95815575,0.0022777426,0.11183202,255,5000000000.0
2741,278142,1.3907102720533166e-06,-0.26985767,-0.9578152,0.0018480131,0.111171,255,5000000000.0
2742,278143,1.3907161243784271e-06,-0.27109686,-0.95747775,0.0012218497,0.110257685,255,5000000000.0
2743,278144,1.3907205129859317e-06,-0.2716809,-0.95732033,0.0007239278,0.10956268,255,5000000000.0
2744,278145,1.390726364521517e-06,-0.2719786,-0.9572449,4.0077557e-05,0.108650744,255,5000000000.0
2745,278146,1.3907307528619878e-06,-0.2718355,-0.95729095,-0.00047509567,0.10799466,255,5000000000.0
2746,278147,1.3907351413340795e-06,-0.27138075,-0.9574242,-0.0009813462,0.10737353,255,5000000000.0
2747,278148,1.3907409908567318e-06,-0.27030548,-0.9577322,-0.0016255482000000002,0.106734246,255,5000000000.0
2748,278149,1.3907453787309373e-06,-0.26916665,-0.95805407,-0.0020738288,0.10670459,255,5000000000.0
2749,278150,1.390751230592349e-06,-0.2672452,-0.9585911,-0.0026087367,0.106723055,255,5000000000.0
2750,278151,1.3907556187445128e-06,-0.2655377,-0.95906276,-0.0029527207,0.10678179,255,5000000000.0
2751,278152,1.3907600065380924e-06,-0.2636372,-0.95958215,-0.0032403702000000003,0.106878504,255,5000000000.0
2752,278153,1.390765858565529e-06,-0.26086453,-0.9603299,-0.0035272057,0.107064396,255,5000000000.0
2753,278154,1.3907702473749936e-06,-0.25865766,-0.9609167,-0.0036645618,0.10724608,255,5000000000.0
2754,278155,1.3907760974349456e-06,-0.25562522,-0.96171093,-0.0037393877,0.10753748,255,5000000000.0
2755,278156,1.3907804861165482e-06,-0.25333798,-0.9623006,-0.0037132036,0.10778876,255,5000000000.0
2756,278157,1.3907863389987845e-06,-0.25035322,-0.9630579,-0.0035698875,0.10816043,255,5000000000.0
2757,278158,1.3907907279244406e-06,-0.24821877,-0.9635908,-0.0033841135,0.10845929,255,5000000000.0
2758,278159,1.390795116688913e-06,-0.24621806,-0.9640833,-0.0031353151,0.108770505,255,5000000000.0
2759,278160,1.3908009690224069e-06,-0.24382234,-0.9646636,-0.002714175,0.109192476,255,5000000000.0
2760,278161,1.390805358200462e-06,-0.242273,-0.96503276,-0.0023392723,0.109504335,255,5000000000.0
2761,278162,1.3908112092909069e-06,-0.24059203,-0.9654263,-0.0017744587,0.10990285,255,5000000000.0
2762,278163,1.390815598719472e-06,-0.23964925,-0.9656426,-0.0013123673,0.110179655,255,5000000000.0
2763,278164,1.3908214521962768e-06,-0.23884901,-0.9658199,-0.0006614515400000001,0.11050767,255,5000000000.0
2764,278165,1.390825841689677e-06,-0.2386054,-0.9658678,-0.00015909116000000002,0.11099626,255,5000000000.0
2765,278166,1.3908302308740385e-06,-0.23867212,-0.96584225,0.0003451402,0.11170216,255,5000000000.0
2766,278167,1.390836083837104e-06,-0.23923989,-0.9656952,0.0010045032,0.11259797,255,5000000000.0
2767,278168,1.390840473122774e-06,-0.2400136,-0.96550244,0.0014774839000000002,0.11322222,255,5000000000.0
2768,278169,1.3908463238980992e-06,-0.24148023,-0.96514124,0.0020629375,0.113964185,255,5000000000.0
2769,278170,1.390850713077814e-06,-0.24287985,-0.9647974,0.0024580031,0.11443913,255,5000000000.0
2770,278171,1.3908551019564795e-06,-0.24450697,-0.9643966,0.0028071443,0.114833586,255,5000000000.0
2771,278172,1.3908609547140311e-06,-0.24697751,-0.9637847,0.0031904264,0.115218416,255,5000000000.0
2772,278173,1.3908653433009951e-06,-0.24901038,-0.96327704,0.0034092537,0.11539663,255,5000000000.0
2773,278174,1.3908711953849779e-06,-0.2518895,-0.96255106,0.0036018984,0.11547632,255,5000000000.0
2774,278175,1.39087558405608e-06,-0.2541225,-0.96198195,0.0036684568,0.11541682,255,5000000000.0
2775,278176,1.390881433936458e-06,-0.25711843,-0.9612098,0.0036508057,0.11518212,255,5000000000.0
2776,278177,1.39088582232077e-06,-0.25932598,-0.96063435,0.0035579181,0.11489392,255,5000000000.0
2777,278178,1.3908902106432728e-06,-0.26145354,-0.96007454,0.0033983963,0.11451583,255,5000000000.0
2778,278179,1.39089606318153e-06,-0.26409808,-0.95937175,0.0030870140000000003,0.11388921,255,5000000000.0
2779,278180,1.3909004519812868e-06,-0.2658885,-0.95889175,0.0027850224,0.113337696,255,5000000000.0
2780,278181,1.3909063041478745e-06,-0.26795524,-0.9583337,0.0023015607,0.11251837,255,5000000000.0
2781,278182,1.3909106925403892e-06,-0.269227,-0.9579888,0.0018871888,0.111855514,255,5000000000.0
2782,278183,1.390915080867125e-06,-0.2702335,-0.9577156,0.0014369548,0.11116724,255,5000000000.0
2783,278184,1.390920930235948e-06,-0.2711309,-0.95747375,0.00079582917,0.11023168,255,5000000000.0
2784,278185,1.3909253182820845e-06,-0.27145442,-0.95738965,0.00029597638,0.10953379,255,5000000000.0
2785,278186,1.3909311702640349e-06,-0.27140790000000004,-0.9574112,-0.0003776837,0.1086326,255,5000000000.0
2786,278187,1.3909355583814072e-06,-0.27101552,-0.9575272,-0.0008755357000000001,0.107997425,255,5000000000.0
2787,278188,1.3909414099937565e-06,-0.27002984,-0.95781034,-0.0015114904,0.107218795,255,5000000000.0
2788,278189,1.3909457983435557e-06,-0.26896194,-0.95811254,-0.001955548,0.10670179,255,5000000000.0
2789,278190,1.3909501864807586e-06,-0.26763459999999994,-0.95848453,-0.0023618578,0.1062503,255,5000000000.0
2790,278191,1.3909560362239598e-06,-0.2655058,-0.959074,-0.0028314823,0.106350295,255,5000000000.0
2791,278192,1.3909604242212091e-06,-0.2636788,-0.95957386,-0.003121021,0.10649955,255,5000000000.0
2792,278193,1.39096627608166e-06,-0.26100162,-0.96029663,-0.0034130833,0.10675662,255,5000000000.0
2793,278194,1.390970664271267e-06,-0.25886315,-0.9608659,-0.0035562895,0.10699019,255,5000000000.0
2794,278195,1.390975053086557e-06,-0.25665724,-0.96144575,-0.003631573,0.10725666,255,5000000000.0
2795,278196,1.390980905277611e-06,-0.25368398,-0.9622153,-0.0036243435,0.10765403,255,5000000000.0
2796,278197,1.3909852938900982e-06,-0.2514854,-0.96277547,-0.0035386882,0.107978076,255,5000000000.0
2797,278198,1.3909911439892062e-06,-0.24867524,-0.96347994,-0.0033211932,0.108438365,255,5000000000.0
2798,278199,1.3909955328855196e-06,-0.24670908,-0.9639648,-0.0030848852000000004,0.108796306,255,5000000000.0
2799,278200,1.3910013850019191e-06,-0.2443472,-0.9645381,-0.0026812493,0.109279945,255,5000000000.0
2800,278201,1.391005773784105e-06,-0.2428138,-0.96490407,-0.0023198517,0.10964006,255,5000000000.0
2801,278202,1.3910101626582485e-06,-0.24151628,-0.9652092,-0.0019158305,0.10998814,255,5000000000.0
2802,278203,1.3910160154712238e-06,-0.24019389,-0.965514,-0.0013241946,0.11042548,255,5000000000.0
2803,278204,1.391020404539095e-06,-0.23953160000000004,-0.96566206,-0.0008517783,0.11072202,255,5000000000.0
2804,278205,1.39102625489537e-06,-0.2391103,-0.9657485,-0.00020059019,0.111071564,255,5000000000.0
2805,278206,1.3910306436911295e-06,-0.23914729,-0.9657296,0.0002922555,0.11128592,255,5000000000.0
2806,278207,1.3910350326356895e-06,-0.23948596,-0.96563935,0.0007787149499999999,0.11179623,255,5000000000.0
2807,278208,1.3910408849798667e-06,-0.24039412,-0.9654107,0.0014019754,0.11257781,255,5000000000.0
2808,278209,1.3910452738784055e-06,-0.24140032,-0.9651615,0.0018392183,0.113106094,255,5000000000.0
2809,278210,1.391051127200704e-06,-0.24313913,-0.96473265,0.0023668997,0.113716,255,5000000000.0
2810,278211,1.391055516320686e-06,-0.24470842,-0.96434516,0.0027115946,0.11408939,255,5000000000.0
2811,278212,1.3910613668977208e-06,-0.2470975,-0.96375227,0.0030910831,0.11445844,255,5000000000.0
2812,278213,1.3910657559407394e-06,-0.24906899,-0.9632595,0.0033089498,0.11463158,255,5000000000.0
2813,278214,1.391070144824058e-06,-0.25115302,-0.9627345,0.0034649079,0.11471232,255,5000000000.0
2814,278215,1.3910759968993451e-06,-0.25403905,-0.96200013,0.0035716165000000007,0.11467222,255,5000000000.0
2815,278216,1.3910803856857636e-06,-0.2562312,-0.9614362,0.0035736584,0.114533044,255,5000000000.0
2816,278217,1.3910862382365034e-06,-0.25911322,-0.960687,0.0034720714000000003,0.11420557,255,5000000000.0
2817,278218,1.3910906264963492e-06,-0.26119065,-0.9601412,0.0033193573,0.113863505,255,5000000000.0
2818,278219,1.3910950149624537e-06,-0.2631531,-0.9596212,0.003103937,0.113445684,255,5000000000.0
2819,278220,1.3911008644570643e-06,-0.26552653,-0.958987,0.0027262320000000003,0.11278773,255,5000000000.0
2820,278221,1.3911052526557158e-06,-0.26708183,-0.9585684,0.0023817122,0.112233475,255,5000000000.0
2821,278222,1.3911111033887687e-06,-0.2687995,-0.9581041,0.0018530018,0.11143448,255,5000000000.0
2822,278223,1.3911154910383084e-06,-0.2697892,-0.9578364,0.0014141637,0.11080776,255,5000000000.0
2823,278224,1.3911213432916598e-06,-0.2706756,-0.95759857,0.0007881863000000001,0.10995935,255,5000000000.0
2824,278225,1.391125731625379e-06,-0.27099875,-0.95751506,0.00029993904,0.10933131,255,5000000000.0
2825,278226,1.3911301201234763e-06,-0.27102187,-0.95751536,-0.0001940883,0.10872492,255,5000000000.0
2826,278227,1.3911359696413812e-06,-0.27058625,-0.95764595,-0.0008450886,0.107968114,255,5000000000.0
2827,278228,1.3911403581121315e-06,-0.26991764,-0.9578387,-0.0013156199,0.10745414,255,5000000000.0
2828,278229,1.3911462092514463e-06,-0.26859447,-0.958214,-0.0019018503,0.10685727,255,5000000000.0
2829,278230,1.3911505975514434e-06,-0.267303,-0.9585761,-0.0022996457,0.1064861,255,5000000000.0
2830,278231,1.3911564504970558e-06,-0.26522836,-0.9591505,-0.0027597712,0.1061052,255,5000000000.0
2831,278232,1.3911608394658413e-06,-0.26344717,-0.9596379,-0.0030434048,0.106091686,255,5000000000.0
2832,278233,1.391165228148814e-06,-0.26151043,-0.9601617,-0.0032683164,0.10624074,255,5000000000.0
2833,278234,1.3911710791171168e-06,-0.25875065,-0.96089816,-0.0034697815,0.10650685,255,5000000000.0
2834,278235,1.3911754678872841e-06,-0.25659865,-0.96146417,-0.0035435557,0.10675327,255,5000000000.0
2835,278236,1.3911813198807762e-06,-0.253698,-0.9622154,-0.0035365033,0.107133545,255,5000000000.0
2836,278237,1.3911857090815388e-06,-0.25155288,-0.96276236,-0.0034525874,0.107451364,255,5000000000.0
2837,278238,1.391190098262957e-06,-0.24947926,-0.9632839,-0.0033032293,0.10779319,255,5000000000.0
2838,278239,1.391195951954784e-06,-0.24689297,-0.96392417,-0.0030077507,0.10827026,255,5000000000.0
2839,278240,1.3912003407746335e-06,-0.2451358,-0.9643521,-0.0027198158000000003,0.10863975,255,5000000000.0
2840,278241,1.3912061908939225e-06,-0.2430987,-0.96484023,-0.0022583217,0.10913119999999997,255,5000000000.0
2841,278242,1.3912105799752486e-06,-0.24183643,-0.96513736,-0.0018625159,0.10949234,255,5000000000.0
2842,278243,1.3912164317683056e-06,-0.24055283,-0.9654335,-0.0012831303,0.10994686,255,5000000000.0
2843,278244,1.391220820611701e-06,-0.23991254,-0.96557647,-0.00082053046,0.11044225,255,5000000000.0
2844,278245,1.3912252096851668e-06,-0.23956196,-0.96564966,-0.00034348987,0.11105436,255,5000000000.0
2845,278246,1.3912310629706196e-06,-0.23955497,-0.96563756,0.00029970382,0.11184589999999997,255,5000000000.0
2846,278247,1.3912354518953336e-06,-0.23989439,-0.96554655,0.0007756321000000001,0.11240631,255,5000000000.0
2847,278248,1.3912413025970892e-06,-0.24079311,-0.96531916,0.0013849096,0.11308708,255,5000000000.0
2848,278249,1.3912456916067534e-06,-0.24178502,-0.96507275,0.0018121813,0.11353516,255,5000000000.0
2849,278250,1.3912500806762869e-06,-0.24302855,-0.9647649,0.0022051404,0.11391753,255,5000000000.0
2850,278251,1.3912559326129594e-06,-0.24503636,-0.9642678,0.0026632906,0.11431222,255,5000000000.0
2851,278252,1.3912603217103831e-06,-0.24676758,-0.9638373,0.0029493526,0.11451114,255,5000000000.0
2852,278253,1.3912661753510578e-06,-0.2493147,-0.9631998,0.003243986,0.11464252,255,5000000000.0
2853,278254,1.391270564385002e-06,-0.25135642,-0.9626845,0.003394383,0.1146347,255,5000000000.0
2854,278255,1.391276415236454e-06,-0.2541809,-0.9619645,0.0034954299,0.114481926,255,5000000000.0
2855,278256,1.3912808039590531e-06,-0.25632483,-0.9614124,0.0034946618,0.11426204,255,5000000000.0
2856,278257,1.3912851927018902e-06,-0.25844565,-0.96086144,0.0034280177,0.113958426,255,5000000000.0
2857,278258,1.3912910439921006e-06,-0.2611682,-0.96014667,0.0032387814,0.11343094,255,5000000000.0
2858,278259,1.3912954323595147e-06,-0.26308146,-0.9596396,0.003024836,0.11295442,255,5000000000.0
2859,278260,1.3913012852520296e-06,-0.265393,-0.9590219,0.0026508172,0.11223135,255,5000000000.0
2860,278261,1.3913056735902493e-06,-0.26690346,-0.95861566,0.002310621,0.11163423,255,5000000000.0
2861,278262,1.391310062229237e-06,-0.26819113,-0.9582679,0.0019261552,0.11100702,255,5000000000.0
2862,278263,1.3913159127169935e-06,-0.26951945,-0.957909,0.0013574531,0.11014008,255,5000000000.0
2863,278264,1.3913203010530823e-06,-0.2702001,-0.9577265,0.000899264,0.10948961,255,5000000000.0
2864,278265,1.3913261516744117e-06,-0.27066192,-0.95760655,0.000262907,0.1086392,255,5000000000.0
2865,278266,1.391330540182038e-06,-0.2706655,-0.9576121,-0.00022162299,0.10803226,255,5000000000.0
2866,278267,1.3913363925066305e-06,-0.27021283,-0.957747,-0.0008595717999999999,0.10728561,255,5000000000.0
2867,278268,1.3913407805291176e-06,-0.26953885,-0.957941,-0.0013197235999999998,0.10678459,255,5000000000.0
2868,278269,1.3913451688435888e-06,-0.2685917,-0.95820975,-0.0017543646,0.106473766,255,5000000000.0
2869,278270,1.3913510184551435e-06,-0.26693657,-0.9586736,-0.0022795424,0.10641149,255,5000000000.0
2870,278271,1.391355406600581e-06,-0.26543128,-0.95909053,-0.0026229708000000003,0.10641485,255,5000000000.0
2871,278272,1.3913612573072719e-06,-0.26312745,-0.9597211,-0.0030009185,0.106489465,255,5000000000.0
2872,278273,1.3913656458890586e-06,-0.26121962,-0.9602368,-0.0032174382,0.10659596,255,5000000000.0
2873,278274,1.39137003467599e-06,-0.259198,-0.960777,-0.0033719302,0.10674599,255,5000000000.0
2874,278275,1.3913758875470418e-06,-0.25639242,-0.96151584,-0.0034767292,0.10700303,255,5000000000.0
2875,278276,1.3913802758234673e-06,-0.25425893,-0.96206945,-0.0034777045,0.10723829,255,5000000000.0
2876,278277,1.391386126306563e-06,-0.2514521,-0.9627867,-0.0033759684,0.10759632,255,5000000000.0
2877,278278,1.3913905148563508e-06,-0.24942695,-0.96329623,-0.0032245757,0.10789286,255,5000000000.0
2878,278279,1.3913963662338508e-06,-0.24690697,-0.9639203000000002,-0.0029285715,0.10831382,255,5000000000.0
2879,278280,1.3914007551452043e-06,-0.24519849,-0.9643368,-0.0026417181,0.10864085,255,5000000000.0
2880,278281,1.39140514390544e-06,-0.24368195,-0.96470135,-0.002305501,0.10896854,255,5000000000.0
2881,278282,1.391410997170578e-06,-0.24200666,-0.9650975,-0.0017916904999999996,0.10939739,255,5000000000.0
2882,278283,1.3914153858144344e-06,-0.24104136,-0.96532106,-0.0013670187,0.10988599999999997,255,5000000000.0
2883,278284,1.3914212364520347e-06,-0.24017593,-0.9655156,-0.00076366856,0.11078027,255,5000000000.0
2884,278285,1.3914256252261578e-06,-0.23985821,-0.96558154,-0.00029422384,0.11144413,255,5000000000.0
2885,278286,1.3914300143851784e-06,-0.23983125,-0.9655779,0.00017996303,0.11208437,255,5000000000.0
2886,278287,1.391435866011332e-06,-0.24024688,-0.96546555,0.0008042189999999999,0.11288725,255,5000000000.0
2887,278288,1.3914402552762062e-06,-0.24088909,-0.9653028,0.0012552745,0.11343779,255,5000000000.0
2888,278289,1.3914461090683022e-06,-0.24216263,-0.96498543,0.0018180562,0.114072114,255,5000000000.0
2889,278290,1.3914504981580792e-06,-0.24340637,-0.96467716,0.002200853,0.11446522,255,5000000000.0
2890,278291,1.3914563490812979e-06,-0.24540429,-0.96418154,0.0026455156,0.11486064,255,5000000000.0
2891,278292,1.3914607379576981e-06,-0.24712107,-0.9637541,0.0029218215000000004,0.11505446,255,5000000000.0
2892,278293,1.3914651266447755e-06,-0.24898885,-0.96328634,0.0031432367,0.11515255,255,5000000000.0
2893,278294,1.3914709773951201e-06,-0.25165263,-0.9626135,0.003346013,0.11513647,255,5000000000.0
2894,278295,1.391475366008301e-06,-0.25373212,-0.9620835,0.003425018,0.115009286,255,5000000000.0
2895,278296,1.391481219355706e-06,-0.25653960000000003,-0.9613605,0.0034298457,0.114693575,255,5000000000.0
2896,278297,1.3914856082288709e-06,-0.25861868,-0.9608196,0.0033578014,0.11435558,255,5000000000.0
2897,278298,1.3914914591269643e-06,-0.26128098,-0.9601202,0.003163186,0.113778494,255,5000000000.0
2898,278299,1.3914958474223944e-06,-0.26314676,-0.9596252,0.0029466527000000004,0.113261774,255,5000000000.0
2899,278300,1.3915002360853711e-06,-0.26486102,-0.95916736,0.0026738807,0.11268706,255,5000000000.0
2900,278301,1.3915060867264184e-06,-0.2668546,-0.95863163,0.002231657,0.11184751,255,5000000000.0
2901,278302,1.3915104757329744e-06,-0.2680945,-0.9582967,0.0018490009,0.11117959,255,5000000000.0
2902,278303,1.3915163288703129e-06,-0.26936203,-0.9579545,0.001284523,0.1102631,255,5000000000.0
2903,278304,1.3915207178879379e-06,-0.26999956,-0.9577837,0.0008310851,0.109574124,255,5000000000.0
2904,278305,1.39152510675821e-06,-0.27035478,-0.95769095,0.00036144108,0.10889562,255,5000000000.0
2905,278306,1.3915309576787278e-06,-0.2703782,-0.9576928,-0.00027419376,0.10803336,255,5000000000.0
2906,278307,1.3915353461608372e-06,-0.27005768,-0.9577881,-0.0007461313499999999,0.10743135,255,5000000000.0
2907,278308,1.3915411964680571e-06,-0.26919103,-0.9580372,-0.001351432,0.106711306,255,5000000000.0
2908,278309,1.3915455847536786e-06,-0.26822746,-0.9583097,-0.0017761275,0.10656907,255,5000000000.0
2909,278310,1.3915514374542768e-06,-0.26655912,-0.95877594,-0.0022877099,0.106557295,255,5000000000.0
2910,278311,1.391555825969472e-06,-0.26505184,-0.95919245,-0.0026205352,0.106595404,255,5000000000.0
2911,278312,1.3915602143744962e-06,-0.2633567,-0.95965624,-0.0029026165000000004,0.10667325,255,5000000000.0
2912,278313,1.3915660651684858e-06,-0.26086098,-0.9603304,-0.003190608,0.10683826,255,5000000000.0
2913,278314,1.391570453571513e-06,-0.25885895,-0.9608641,-0.0033352624,0.10700582,255,5000000000.0
2914,278315,1.3915763036062901e-06,-0.25608957,-0.96159226,-0.0034279563,0.10728394,255,5000000000.0
2915,278316,1.39158069201437e-06,-0.2539884,-0.9621367,-0.0034208712,0.1075297,255,5000000000.0
2916,278317,1.3915850804156942e-06,-0.25191155,-0.9626677,-0.0033483754,0.10779928,255,5000000000.0
2917,278318,1.3915909332452251e-06,-0.24924809,-0.96333855,-0.0031528685,0.10819577,255,5000000000.0
2918,278319,1.391595322127764e-06,-0.24738006,-0.96380174,-0.002936097,0.10850829,255,5000000000.0
2919,278320,1.3916011734261087e-06,-0.24512935,-0.9643513,-0.0025618395,0.10893894,255,5000000000.0
2920,278321,1.3916055623673423e-06,-0.24366243,-0.9647038,-0.0022243464,0.10926246,255,5000000000.0
2921,278322,1.3916114132155122e-06,-0.24205437,-0.9650837,-0.0017112228,0.10968308,255,5000000000.0
2922,278323,1.3916158023456713e-06,-0.24113803,-0.96529585,-0.0012884585,0.10997999,255,5000000000.0
2923,278324,1.3916201914145625e-06,-0.24048965,-0.96544206,-0.00084215554,0.11025606,255,5000000000.0
2924,278325,1.3916260450037213e-06,-0.24006164,-0.9655315,-0.00022490515,0.11115864,255,5000000000.0
2925,278326,1.391630433768326e-06,-0.24007554,-0.96551853,0.00024314973,0.11181706,255,5000000000.0
2926,278327,1.3916362850876558e-06,-0.24053903,-0.96539503,0.00085764035,0.11264517,255,5000000000.0
2927,278328,1.3916406737809485e-06,-0.2412114,-0.96522504,0.0013002884,0.11321325,255,5000000000.0
2928,278329,1.391645062753058e-06,-0.24214815,-0.96499133,0.0017181922,0.1137223,255,5000000000.0
2929,278330,1.391650913776344e-06,-0.24377644,-0.9645876,0.0022235091,0.114290796,255,5000000000.0
2930,278331,1.3916553025880859e-06,-0.24525224,-0.9642213,0.002554592,0.11462689,255,5000000000.0
2931,278332,1.39166115574207e-06,-0.24750668,-0.9636595,0.00292048,0.11493447,255,5000000000.0
2932,278333,1.3916655447544064e-06,-0.2493703,-0.96319216,0.0031314446000000004,0.115058616,255,5000000000.0
2933,278334,1.3916713966407317e-06,-0.25201893,-0.9625222,0.0033206085,0.11507004,255,5000000000.0
2934,278335,1.3916757856531485e-06,-0.2540797,-0.9619962,0.0033898288,0.11496564,255,5000000000.0
2935,278336,1.3916801745858095e-06,-0.25616089,-0.9614603,0.0033950761,0.11476542,255,5000000000.0
2936,278337,1.3916860249012444e-06,-0.25889888,-0.96074814,0.0033023336,0.1143608,255,5000000000.0
2937,278338,1.3916904136580862e-06,-0.26087537,-0.9602291,0.0031594170000000003,0.11396053,255,5000000000.0
2938,278339,1.3916962673946778e-06,-0.26333708,-0.9595765,0.002875733,0.113311864,255,5000000000.0
2939,278340,1.3917006565635029e-06,-0.2650065,-0.9591302,0.0025982512,0.112756476,255,5000000000.0
2940,278341,1.3917050453609929e-06,-0.26648915,-0.9587319,0.002270885,0.11215096,255,5000000000.0
2941,278342,1.391710896574906e-06,-0.2681272,-0.9582901,0.0017675131,0.111292355,255,5000000000.0
2942,278343,1.3917152850302092e-06,-0.26907128,-0.9580352,0.0013490298,0.11062164,255,5000000000.0
2943,278344,1.3917211350938193e-06,-0.26991620000000005,-0.95780873,0.0007517197999999999,0.10972664,255,5000000000.0
2944,278345,1.3917255234272622e-06,-0.27022395,-0.9577292,0.00028521242,0.10906495,255,5000000000.0
2945,278346,1.3917313760906423e-06,-0.27018777,-0.9577474,-0.000344451,0.10822447,255,5000000000.0
2946,278347,1.3917357642729628e-06,-0.26982626,-0.95785403,-0.0008102960000000001,0.10763794,255,5000000000.0
2947,278348,1.3917401524400678e-06,-0.26918516,-0.95803803,-0.0012606864,0.10710177,255,5000000000.0
2948,278349,1.3917460034445325e-06,-0.2679171,-0.9583963,-0.0018220703,0.10648161,255,5000000000.0
2949,278350,1.3917503915662444e-06,-0.26667964,-0.958742,-0.002203099,0.10635703,255,5000000000.0
2950,278351,1.3917562413974155e-06,-0.264693,-0.9592907,-0.0026436667,0.1064171,255,5000000000.0
2951,278352,1.391760630019095e-06,-0.26298675,-0.9597564,-0.0029153395,0.10651133,255,5000000000.0
2952,278353,1.3917650185736174e-06,-0.26113155,-0.9602574,-0.00313067,0.106644124,255,5000000000.0
2953,278354,1.3917708712878807e-06,-0.2584875,-0.96096224,-0.0033232865,0.10688017,255,5000000000.0
2954,278355,1.391775259967206e-06,-0.2564268,-0.96150404,-0.0033933634,0.10710009,255,5000000000.0
2955,278356,1.391781111600716e-06,-0.25365016,-0.9622234,-0.003385408,0.10743803,255,5000000000.0
2956,278357,1.391785500170848e-06,-0.2515978,-0.9627473,-0.0033038014,0.10772446,255,5000000000.0
2957,278358,1.3917913499916132e-06,-0.24897662,-0.9634062,-0.0030975824,0.10813558,255,5000000000.0
2958,278359,1.3917957383651002e-06,-0.24714492,-0.9638596,-0.0028739024,0.10845984,255,5000000000.0
2959,278360,1.3918001270556527e-06,-0.2454675,-0.9642694,-0.0025959332,0.10879246,255,5000000000.0
2960,278361,1.3918059799656662e-06,-0.24352519,-0.96473646,-0.0021503624,0.109236225,255,5000000000.0
2961,278362,1.3918103693320754e-06,-0.24232538,-0.9650202,-0.0017684798000000004,0.109562136,255,5000000000.0
2962,278363,1.391816221715242e-06,-0.24111088,-0.96530163,-0.0012096113,0.109974556,255,5000000000.0
2963,278364,1.3918206107741828e-06,-0.24051097,-0.9654363,-0.0007635431,0.11034215,255,5000000000.0
2964,278365,1.3918264612748608e-06,-0.2401466,-0.96551067,-0.00014901688,0.111208595,255,5000000000.0
2965,278366,1.3918308497670704e-06,-0.2402061,-0.9654867,0.0003157022,0.111837365,255,5000000000.0
2966,278367,1.3918352386671794e-06,-0.2405498,-0.96539503,0.0007740681,0.11243659,255,5000000000.0
2967,278368,1.3918410920414156e-06,-0.24143796,-0.9651703,0.0013607501,0.11316681,255,5000000000.0
2968,278369,1.3918454813990026e-06,-0.24240966,-0.96492815,0.0017716568,0.11364664,255,5000000000.0
2969,278370,1.3918513341921812e-06,-0.2440776,-0.9645143,0.0022663886,0.114182025,255,5000000000.0
2970,278371,1.391855723503801e-06,-0.24557683,-0.9641417,0.0025886106,0.11449028,255,5000000000.0
2971,278372,1.3918601126450377e-06,-0.24725774,-0.9637229,0.002862247,0.11471285,255,5000000000.0
2972,278373,1.3918659635541449e-06,-0.24972571,-0.9631035,0.0031427485,0.11486792,255,5000000000.0
2973,278374,1.3918703526120908e-06,-0.2517022,-0.96260357,0.0032847691,0.1148726,255,5000000000.0
2974,278375,1.3918762060665588e-06,-0.25443414,-0.9619057,0.0033776753,0.11473263,255,5000000000.0
2975,278376,1.3918805949938088e-06,-0.25650436,-0.96137184,0.0033731004,0.114520006,255,5000000000.0
2976,278377,1.391886447782198e-06,-0.25921986,-0.9606646,0.0032678486,0.11409934,255,5000000000.0
2977,278378,1.3918908367916452e-06,-0.26117226,-0.960151,0.0031162507,0.113689736,255,5000000000.0
2978,278379,1.391895225615798e-06,-0.2630114,-0.95966345,0.0029052435,0.1132106,255,5000000000.0
2979,278380,1.391901076303948e-06,-0.26522714,-0.95907146,0.0025383073,0.112478554,255,5000000000.0
2980,278381,1.3919054654650029e-06,-0.26667127,-0.95868313,0.0022053523,0.111874744,255,5000000000.0
2981,278382,1.391911318516668e-06,-0.26825374,-0.958256,0.0016962257,0.111019924,255,5000000000.0
2982,278383,1.3919157071472085e-06,-0.2691534,-0.9580131,0.0012749978,0.11035785,255,5000000000.0
2983,278384,1.3919200957395744e-06,-0.26978737,-0.95784324,0.0008287914999999999,0.10969343,255,5000000000.0
2984,278385,1.3919259480480726e-06,-0.270199,-0.9577366,0.00020974339,0.1088254,255,5000000000.0
2985,278386,1.3919303365119208e-06,-0.27017435,-0.95774955,-0.00026085865,0.10820515,255,5000000000.0
2986,278387,1.39193618622281e-06,-0.26969784,-0.95789003,-0.0008793581500000001,0.10743691,255,5000000000.0
2987,278388,1.3919405746780545e-06,-0.26901603,-0.95808506,-0.0013250522,0.10692152,255,5000000000.0
2988,278389,1.3919464266348495e-06,-0.26769865,-0.95845646,-0.0018784604,0.10645693,255,5000000000.0
2989,278390,1.391950814732221e-06,-0.26642898,-0.95881057,-0.0022522628,0.10643786,255,5000000000.0
2990,278391,1.3919552028119983e-06,-0.26494431,-0.9592204,-0.0025826276000000003,0.10646086,255,5000000000.0
2991,278392,1.3919610545407532e-06,-0.26267943,-0.9598386,-0.0029446727,0.10655618,255,5000000000.0
2992,278393,1.3919654427413914e-06,-0.26080942,-0.96034276,-0.0031505253000000005,0.106674924,255,5000000000.0
2993,278394,1.3919712925655912e-06,-0.25815585,-0.9610489,-0.0033300363,0.106893584,255,5000000000.0
2994,278395,1.3919756811051227e-06,-0.2560942,-0.96158993,-0.0033902894,0.107098974,255,5000000000.0
2995,278396,1.391980069461354e-06,-0.2540155,-0.9621288,-0.0033855129,0.1073357,255,5000000000.0
2996,278397,1.391985922310937e-06,-0.25128537,-0.962826,-0.0032785982000000003,0.10769341,255,5000000000.0
2997,278398,1.3919903111727705e-06,-0.24932063,-0.96332014,-0.0031252797,0.10798803,255,5000000000.0
2998,278399,1.3919961642000463e-06,-0.24688172,-0.9639242,-0.0028292187,0.10840366,255,5000000000.0
2999,278400,1.3920000000000046e-06,-0.24543175,-0.9642783,-0.0025829447,0.10868427,255,5000000000.0
